t   p   q   AA   aa   Aa
0        0.5014        0.4986        1261        1247        2492
1        0.5005        0.4995        1262        1257        2481
2        0.5096        0.4904        1302        1206        2492
3        0.515        0.485        1324        1174        2502
4        0.5109        0.4891        1337        1228        2435
5        0.5117        0.4883        1284        1167        2549
6        0.5097        0.4903        1306        1209        2485
7        0.5276        0.4724        1380        1104        2516
8        0.5287        0.4713        1388        1101        2511
9        0.5265        0.4735        1360        1095        2545
10        0.5006        0.4994        1244        1238        2518
11        0.4963        0.5037        1235        1272        2493
12        0.5014        0.4986        1269        1255        2476
13        0.501        0.499        1228        1218        2554
14        0.4913        0.5087        1219        1306        2475
15        0.5003        0.4997        1250        1247        2503
16        0.4925        0.5075        1187        1262        2551
17        0.4927        0.5073        1211        1284        2505
18        0.48        0.52        1162        1362        2476
19        0.4885        0.5115        1166        1281        2553
20        0.4837        0.5163        1159        1322        2519
21        0.4903        0.5097        1187        1284        2529
22        0.4857        0.5143        1204        1347        2449
23        0.4888        0.5112        1191        1303        2506
24        0.4966        0.5034        1267        1301        2432
25        0.5084        0.4916        1328        1244        2428
26        0.5109        0.4891        1343        1234        2423
27        0.5224        0.4776        1368        1144        2488
28        0.5238        0.4762        1343        1105        2552
29        0.5276        0.4724        1370        1094        2536
30        0.5118        0.4882        1298        1180        2522
31        0.5168        0.4832        1314        1146        2540
32        0.504        0.496        1259        1219        2522
33        0.4969        0.5031        1227        1258        2515
34        0.4958        0.5042        1221        1263        2516
35        0.5049        0.4951        1257        1208        2535
36        0.5048        0.4952        1261        1213        2526
37        0.5002        0.4998        1236        1234        2530
38        0.5135        0.4865        1335        1200        2465
39        0.5117        0.4883        1297        1180        2523
40        0.5095        0.4905        1290        1195        2515
41        0.5228        0.4772        1376        1148        2476
42        0.5223        0.4777        1328        1105        2567
43        0.5231        0.4769        1354        1123        2523
44        0.5256        0.4744        1392        1136        2472
45        0.5224        0.4776        1376        1152        2472
46        0.5399        0.4601        1453        1054        2493
47        0.5446        0.4554        1473        1027        2500
48        0.5565        0.4435        1544        979        2477
49        0.558        0.442        1569        989        2442
50        0.5449        0.4551        1478        1029        2493
51        0.5581        0.4419        1558        977        2465
52        0.5676        0.4324        1625        949        2426
53        0.5717        0.4283        1620        903        2477
54        0.592        0.408        1788        868        2344
55        0.5997        0.4003        1794        797        2409
56        0.6097        0.3903        1843        746        2411
57        0.6104        0.3896        1872        768        2360
58        0.6092        0.3908        1861        769        2370
59        0.6323        0.3677        2002        679        2319
60        0.6351        0.3649        2030        679        2291
61        0.6313        0.3687        1961        648        2391
62        0.6333        0.3667        2002        669        2329
63        0.6261        0.3739        1947        686        2367
64        0.6335        0.3665        1998        663        2339
65        0.6321        0.3679        2003        682        2315
66        0.6172        0.3828        1927        755        2318
67        0.624        0.376        1942        702        2356
68        0.6188        0.3812        1886        698        2416
69        0.619        0.381        1930        740        2330
70        0.6273        0.3727        1979        706        2315
71        0.6242        0.3758        1944        702        2354
72        0.6289        0.3711        1993        704        2303
73        0.6488        0.3512        2090        602        2308
74        0.643        0.357        2048        618        2334
75        0.6374        0.3626        2017        643        2340
76        0.6355        0.3645        1990        635        2375
77        0.6081        0.3919        1841        760        2399
78        0.6031        0.3969        1812        781        2407
79        0.6068        0.3932        1829        761        2410
80        0.6021        0.3979        1832        811        2357
81        0.6042        0.3958        1832        790        2378
82        0.5842        0.4158        1739        897        2364
83        0.5764        0.4236        1676        912        2412
84        0.5785        0.4215        1696        911        2393
85        0.5796        0.4204        1653        857        2490
86        0.5804        0.4196        1684        880        2436
87        0.5725        0.4275        1673        948        2379
88        0.5914        0.4086        1756        842        2402
89        0.5901        0.4099        1726        825        2449
90        0.5841        0.4159        1715        874        2411
91        0.5924        0.4076        1756        832        2412
92        0.6014        0.3986        1820        806        2374
93        0.6006        0.3994        1811        805        2384
94        0.6145        0.3855        1874        729        2397
95        0.6045        0.3955        1849        804        2347
96        0.6036        0.3964        1800        764        2436
97        0.6153        0.3847        1892        739        2369
98        0.6058        0.3942        1843        785        2372
99        0.6083        0.3917        1826        743        2431
100        0.6122        0.3878        1870        748        2382
101        0.6181        0.3819        1910        729        2361
102        0.6287        0.3713        1973        686        2341
103        0.6268        0.3732        1962        694        2344
104        0.6269        0.3731        1953        684        2363
105        0.6243        0.3757        1957        714        2329
106        0.6152        0.3848        1898        746        2356
107        0.6184        0.3816        1898        714        2388
108        0.6255        0.3745        1940        685        2375
109        0.6231        0.3769        1931        700        2369
110        0.6207        0.3793        1909        702        2389
111        0.6165        0.3835        1896        731        2373
112        0.6106        0.3894        1872        766        2362
113        0.6188        0.3812        1889        701        2410
114        0.6216        0.3784        1931        715        2354
115        0.6242        0.3758        1951        709        2340
116        0.6005        0.3995        1799        794        2407
117        0.6076        0.3924        1858        782        2360
118        0.6138        0.3862        1858        720        2422
119        0.6111        0.3889        1867        756        2377
120        0.6035        0.3965        1827        792        2381
121        0.6064        0.3936        1830        766        2404
122        0.6165        0.3835        1901        736        2363
123        0.619        0.381        1892        702        2406
124        0.6119        0.3881        1903        784        2313
125        0.62        0.38        1939        739        2322
126        0.6282        0.3718        1980        698        2322
127        0.6243        0.3757        1968        725        2307
128        0.6251        0.3749        1993        742        2265
129        0.6265        0.3735        1967        702        2331
130        0.6252        0.3748        1976        724        2300
131        0.641        0.359        2045        635        2320
132        0.6482        0.3518        2107        625        2268
133        0.6562        0.3438        2163        601        2236
134        0.6638        0.3362        2195        557        2248
135        0.6636        0.3364        2188        552        2260
136        0.6662        0.3338        2184        522        2294
137        0.6636        0.3364        2217        581        2202
138        0.661        0.339        2177        567        2256
139        0.66        0.34        2161        561        2278
140        0.6642        0.3358        2215        573        2212
141        0.6756        0.3244        2296        540        2164
142        0.6742        0.3258        2256        514        2230
143        0.6751        0.3249        2278        527        2195
144        0.6788        0.3212        2283        495        2222
145        0.6846        0.3154        2338        492        2170
146        0.696        0.304        2429        469        2102
147        0.7107        0.2893        2504        397        2099
148        0.6941        0.3059        2392        451        2157
149        0.6996        0.3004        2454        458        2088
150        0.7045        0.2955        2474        429        2097
151        0.6945        0.3055        2418        473        2109
152        0.6955        0.3045        2414        459        2127
153        0.7004        0.2996        2441        437        2122
154        0.7035        0.2965        2493        458        2049
155        0.6936        0.3064        2420        484        2096
156        0.6923        0.3077        2413        490        2097
157        0.6937        0.3063        2412        475        2113
158        0.7025        0.2975        2467        442        2091
159        0.7139        0.2861        2547        408        2045
160        0.7095        0.2905        2529        434        2037
161        0.7236        0.2764        2606        370        2024
162        0.7289        0.2711        2655        366        1979
163        0.728        0.272        2657        377        1966
164        0.7378        0.2622        2719        341        1940
165        0.7454        0.2546        2776        322        1902
166        0.7509        0.2491        2851        342        1807
167        0.7618        0.2382        2907        289        1804
168        0.7678        0.2322        2942        264        1794
169        0.7711        0.2289        2986        275        1739
170        0.7853        0.2147        3099        246        1655
171        0.7748        0.2252        2988        240        1772
172        0.7747        0.2253        3010        263        1727
173        0.7747        0.2253        2984        237        1779
174        0.7719        0.2281        2985        266        1749
175        0.7645        0.2355        2927        282        1791
176        0.7616        0.2384        2894        278        1828
177        0.7557        0.2443        2865        308        1827
178        0.7446        0.2554        2759        313        1928
179        0.7434        0.2566        2763        329        1908
180        0.7337        0.2663        2695        358        1947
181        0.7274        0.2726        2637        363        2000
182        0.7312        0.2688        2664        352        1984
183        0.7213        0.2787        2584        371        2045
184        0.7265        0.2735        2641        376        1983
185        0.717        0.283        2585        415        2000
186        0.708        0.292        2505        425        2070
187        0.7206        0.2794        2595        389        2016
188        0.7283        0.2717        2635        352        2013
189        0.7248        0.2752        2657        409        1934
190        0.7289        0.2711        2647        358        1995
191        0.7219        0.2781        2593        374        2033
192        0.7173        0.2827        2579        406        2015
193        0.7261        0.2739        2649        388        1963
194        0.7153        0.2847        2554        401        2045
195        0.7085        0.2915        2484        399        2117
196        0.7035        0.2965        2460        425        2115
197        0.7045        0.2955        2468        423        2109
198        0.6899        0.3101        2378        479        2143
199        0.6853        0.3147        2352        499        2149
200        0.6686        0.3314        2244        558        2198
201        0.6564        0.3436        2145        581        2274
202        0.6479        0.3521        2090        611        2299
203        0.6572        0.3428        2174        602        2224
204        0.6334        0.3666        2012        678        2310
205        0.641        0.359        2050        640        2310
206        0.6448        0.3552        2102        654        2244
207        0.647        0.353        2080        610        2310
208        0.6634        0.3366        2198        564        2238
209        0.6678        0.3322        2221        543        2236
210        0.6698        0.3302        2257        559        2184
211        0.6611        0.3389        2210        599        2191
212        0.6684        0.3316        2238        554        2208
213        0.6783        0.3217        2328        545        2127
214        0.6834        0.3166        2362        528        2110
215        0.6939        0.3061        2422        483        2095
216        0.6935        0.3065        2409        474        2117
217        0.6953        0.3047        2421        468        2111
218        0.6768        0.3232        2279        511        2210
219        0.6737        0.3263        2290        553        2157
220        0.6566        0.3434        2146        580        2274
221        0.6555        0.3445        2166        611        2223
222        0.6608        0.3392        2175        567        2258
223        0.6731        0.3269        2258        527        2215
224        0.6624        0.3376        2195        571        2234
225        0.649        0.351        2121        631        2248
226        0.6606        0.3394        2194        588        2218
227        0.6534        0.3466        2122        588        2290
228        0.6599        0.3401        2161        562        2277
229        0.6636        0.3364        2224        588        2188
230        0.6536        0.3464        2149        613        2238
231        0.6457        0.3543        2088        631        2281
232        0.6224        0.3776        1928        704        2368
233        0.63        0.37        1992        692        2316
234        0.6231        0.3769        1932        701        2367
235        0.6089        0.3911        1839        750        2411
236        0.604        0.396        1847        807        2346
237        0.6018        0.3982        1817        799        2384
238        0.5949        0.4051        1770        821        2409
239        0.6069        0.3931        1849        780        2371
240        0.6058        0.3942        1870        812        2318
241        0.6148        0.3852        1924        776        2300
242        0.6181        0.3819        1916        735        2349
243        0.6295        0.3705        1978        683        2339
244        0.6383        0.3617        2020        637        2343
245        0.6443        0.3557        2062        619        2319
246        0.6337        0.3663        2020        683        2297
247        0.6302        0.3698        1995        693        2312
248        0.615        0.385        1897        747        2356
249        0.6099        0.3901        1842        743        2415
250        0.6084        0.3916        1831        747        2422
251        0.6129        0.3871        1866        737        2397
252        0.6117        0.3883        1859        742        2399
253        0.6282        0.3718        1947        665        2388
254        0.6307        0.3693        1998        691        2311
255        0.6367        0.3633        2045        678        2277
256        0.6364        0.3636        2032        668        2300
257        0.6434        0.3566        2077        643        2280
258        0.6402        0.3598        2079        677        2244
259        0.6334        0.3666        2011        677        2312
260        0.6276        0.3724        1948        672        2380
261        0.6371        0.3629        2037        666        2297
262        0.6388        0.3612        2040        652        2308
263        0.6385        0.3615        2046        661        2293
264        0.6523        0.3477        2129        606        2265
265        0.6538        0.3462        2138        600        2262
266        0.6561        0.3439        2149        588        2263
267        0.6758        0.3242        2256        498        2246
268        0.677        0.323        2261        491        2248
269        0.6843        0.3157        2332        489        2179
270        0.68        0.32        2307        507        2186
271        0.6777        0.3223        2306        529        2165
272        0.6761        0.3239        2269        508        2223
273        0.6613        0.3387        2208        595        2197
274        0.6697        0.3303        2243        546        2211
275        0.6725        0.3275        2246        521        2233
276        0.6679        0.3321        2228        549        2223
277        0.6435        0.3565        2080        645        2275
278        0.6319        0.3681        1998        679        2323
279        0.626        0.374        1982        722        2296
280        0.6215        0.3785        1934        719        2347
281        0.6037        0.3963        1852        815        2333
282        0.6161        0.3839        1897        736        2367
283        0.6135        0.3865        1876        741        2383
284        0.6198        0.3802        1915        717        2368
285        0.6253        0.3747        1960        707        2333
286        0.6224        0.3776        1915        691        2394
287        0.6217        0.3783        1893        676        2431
288        0.609        0.391        1866        776        2358
289        0.5899        0.4101        1746        847        2407
290        0.5907        0.4093        1737        830        2433
291        0.597        0.403        1763        793        2444
292        0.5799        0.4201        1706        907        2387
293        0.5733        0.4267        1627        894        2479
294        0.572        0.428        1650        930        2420
295        0.5792        0.4208        1668        876        2456
296        0.5711        0.4289        1632        921        2447
297        0.5724        0.4276        1657        933        2410
298        0.5781        0.4219        1667        886        2447
299        0.5871        0.4129        1716        845        2439
300        0.6076        0.3924        1836        760        2404
301        0.5962        0.4038        1761        799        2440
302        0.6018        0.3982        1812        794        2394
303        0.5886        0.4114        1724        838        2438
304        0.5691        0.4309        1638        947        2415
305        0.5655        0.4345        1568        913        2519
306        0.5623        0.4377        1609        986        2405
307        0.5552        0.4448        1510        958        2532
308        0.5528        0.4472        1517        989        2494
309        0.5652        0.4348        1585        933        2482
310        0.5775        0.4225        1648        873        2479
311        0.5904        0.4096        1760        856        2384
312        0.5929        0.4071        1753        824        2423
313        0.5796        0.4204        1684        888        2428
314        0.5838        0.4162        1704        866        2430
315        0.5673        0.4327        1598        925        2477
316        0.5804        0.4196        1693        889        2418
317        0.5899        0.4101        1779        880        2341
318        0.5978        0.4022        1783        805        2412
319        0.5968        0.4032        1779        811        2410
320        0.6013        0.3987        1790        777        2433
321        0.5959        0.4041        1781        822        2397
322        0.6119        0.3881        1860        741        2399
323        0.6138        0.3862        1865        727        2408
324        0.6106        0.3894        1858        752        2390
325        0.6258        0.3742        1939        681        2380
326        0.6233        0.3767        1941        708        2351
327        0.6137        0.3863        1878        741        2381
328        0.6185        0.3815        1899        714        2387
329        0.6174        0.3826        1912        738        2350
330        0.6075        0.3925        1861        786        2353
331        0.6073        0.3927        1827        754        2419
332        0.6028        0.3972        1831        803        2366
333        0.6141        0.3859        1909        768        2323
334        0.6224        0.3776        1942        718        2340
335        0.6236        0.3764        1938        702        2360
336        0.6204        0.3796        1920        716        2364
337        0.617        0.383        1908        738        2354
338        0.627        0.373        1985        715        2300
339        0.6385        0.3615        2053        668        2279
340        0.655        0.345        2128        578        2294
341        0.6661        0.3339        2218        557        2225
342        0.6805        0.3195        2330        525        2145
343        0.6735        0.3265        2242        507        2251
344        0.6728        0.3272        2286        558        2156
345        0.6634        0.3366        2192        558        2250
346        0.6557        0.3443        2135        578        2287
347        0.656        0.344        2144        584        2272
348        0.6404        0.3596        2037        633        2330
349        0.6471        0.3529        2052        581        2367
350        0.6577        0.3423        2157        580        2263
351        0.6526        0.3474        2121        595        2284
352        0.6544        0.3456        2171        627        2202
353        0.6579        0.3421        2190        611        2199
354        0.6599        0.3401        2126        527        2347
355        0.6555        0.3445        2133        578        2289
356        0.6675        0.3325        2221        546        2233
357        0.6653        0.3347        2230        577        2193
358        0.6586        0.3414        2161        575        2264
359        0.6427        0.3573        2077        650        2273
360        0.624        0.376        1958        718        2324
361        0.623        0.377        1919        689        2392
362        0.6118        0.3882        1886        768        2346
363        0.6124        0.3876        1886        762        2352
364        0.6146        0.3854        1872        726        2402
365        0.6259        0.3741        1975        716        2309
366        0.617        0.383        1894        724        2382
367        0.6275        0.3725        1933        658        2409
368        0.6227        0.3773        1939        712        2349
369        0.6096        0.3904        1840        744        2416
370        0.6099        0.3901        1849        750        2401
371        0.6208        0.3792        1922        714        2364
372        0.6161        0.3839        1871        710        2419
373        0.6048        0.3952        1859        811        2330
374        0.598        0.402        1793        813        2394
375        0.6062        0.3938        1855        793        2352
376        0.6105        0.3895        1854        749        2397
377        0.6053        0.3947        1836        783        2381
378        0.6123        0.3877        1861        738        2401
379        0.6125        0.3875        1890        765        2345
380        0.5912        0.4088        1745        833        2422
381        0.5831        0.4169        1690        859        2451
382        0.5819        0.4181        1691        872        2437
383        0.5966        0.4034        1774        808        2418
384        0.6023        0.3977        1798        775        2427
385        0.606        0.394        1842        782        2376
386        0.6071        0.3929        1842        771        2387
387        0.6045        0.3955        1828        783        2389
388        0.6194        0.3806        1905        711        2384
389        0.6015        0.3985        1790        775        2435
390        0.594        0.406        1768        828        2404
391        0.5882        0.4118        1746        864        2390
392        0.5889        0.4111        1703        814        2483
393        0.5921        0.4079        1761        840        2399
394        0.5886        0.4114        1751        865        2384
395        0.5732        0.4268        1625        893        2482
396        0.5593        0.4407        1573        980        2447
397        0.5577        0.4423        1542        965        2493
398        0.5487        0.4513        1502        1015        2483
399        0.5656        0.4344        1592        936        2472
400        0.572        0.428        1617        897        2486
401        0.5744        0.4256        1623        879        2498
402        0.5626        0.4374        1574        948        2478
403        0.5592        0.4408        1561        969        2470
404        0.5553        0.4447        1569        1016        2415
405        0.5525        0.4475        1539        1014        2447
406        0.5492        0.4508        1508        1016        2476
407        0.5533        0.4467        1532        999        2469
408        0.5539        0.4461        1527        988        2485
409        0.561        0.439        1597        987        2416
410        0.5604        0.4396        1558        954        2488
411        0.5579        0.4421        1580        1001        2419
412        0.5579        0.4421        1575        996        2429
413        0.5587        0.4413        1567        980        2453
414        0.5603        0.4397        1595        992        2413
415        0.5615        0.4385        1557        942        2501
416        0.5768        0.4232        1662        894        2444
417        0.5631        0.4369        1557        926        2517
418        0.5557        0.4443        1565        1008        2427
419        0.5506        0.4494        1524        1018        2458
420        0.5424        0.4576        1482        1058        2460
421        0.5461        0.4539        1504        1043        2453
422        0.5447        0.4553        1495        1048        2457
423        0.5528        0.4472        1502        974        2524
424        0.5477        0.4523        1468        991        2541
425        0.5466        0.4534        1481        1015        2504
426        0.5447        0.4553        1476        1029        2495
427        0.5444        0.4556        1481        1037        2482
428        0.5414        0.4586        1468        1054        2478
429        0.5419        0.4581        1458        1039        2503
430        0.5162        0.4838        1344        1182        2474
431        0.5161        0.4839        1323        1162        2515
432        0.5156        0.4844        1330        1174        2496
433        0.5219        0.4781        1394        1175        2431
434        0.5109        0.4891        1301        1192        2507
435        0.5181        0.4819        1341        1160        2499
436        0.5273        0.4727        1370        1097        2533
437        0.5339        0.4661        1388        1049        2563
438        0.5362        0.4638        1447        1085        2468
439        0.538        0.462        1441        1061        2498
440        0.5524        0.4476        1515        991        2494
441        0.5648        0.4352        1605        957        2438
442        0.5627        0.4373        1578        951        2471
443        0.5659        0.4341        1626        967        2407
444        0.5706        0.4294        1629        923        2448
445        0.5596        0.4404        1591        995        2414
446        0.5571        0.4429        1539        968        2493
447        0.5397        0.4603        1462        1065        2473
448        0.5379        0.4621        1423        1044        2533
449        0.5265        0.4735        1347        1082        2571
450        0.5212        0.4788        1378        1166        2456
451        0.5301        0.4699        1408        1107        2485
452        0.52        0.48        1314        1114        2572
453        0.5357        0.4643        1421        1064        2515
454        0.535        0.465        1430        1080        2490
455        0.5261        0.4739        1396        1135        2469
456        0.5307        0.4693        1391        1084        2525
457        0.5283        0.4717        1407        1124        2469
458        0.5334        0.4666        1394        1060        2546
459        0.5358        0.4642        1449        1091        2460
460        0.5383        0.4617        1460        1077        2463
461        0.52        0.48        1342        1142        2516
462        0.5038        0.4962        1283        1245        2472
463        0.5022        0.4978        1247        1225        2528
464        0.4859        0.5141        1160        1301        2539
465        0.4851        0.5149        1164        1313        2523
466        0.476        0.524        1138        1378        2484
467        0.4855        0.5145        1147        1292        2561
468        0.4883        0.5117        1199        1316        2485
469        0.4985        0.5015        1255        1270        2475
470        0.4917        0.5083        1230        1313        2457
471        0.4837        0.5163        1192        1355        2453
472        0.4659        0.5341        1107        1448        2445
473        0.4619        0.5381        1081        1462        2457
474        0.4624        0.5376        1080        1456        2464
475        0.4672        0.5328        1135        1463        2402
476        0.4688        0.5312        1097        1409        2494
477        0.4682        0.5318        1061        1379        2560
478        0.4806        0.5194        1173        1367        2460
479        0.4835        0.5165        1173        1338        2489
480        0.4944        0.5056        1245        1301        2454
481        0.4891        0.5109        1231        1340        2429
482        0.4831        0.5169        1165        1334        2501
483        0.4817        0.5183        1149        1332        2519
484        0.4706        0.5294        1134        1428        2438
485        0.453        0.547        1040        1510        2450
486        0.4586        0.5414        1034        1448        2518
487        0.473        0.527        1096        1366        2538
488        0.4741        0.5259        1143        1402        2455
489        0.4611        0.5389        1038        1427        2535
490        0.4563        0.5437        1065        1502        2433
491        0.4601        0.5399        1053        1452        2495
492        0.461        0.539        1093        1483        2424
493        0.4574        0.5426        1047        1473        2480
494        0.4554        0.5446        1048        1494        2458
495        0.4611        0.5389        1056        1445        2499
496        0.4547        0.5453        1021        1474        2505
497        0.4521        0.5479        1035        1514        2451
498        0.4703        0.5297        1134        1431        2435
499        0.4694        0.5306        1075        1381        2544
500        0.4704        0.5296        1112        1408        2480
501        0.4569        0.5431        1040        1471        2489
502        0.4825        0.5175        1149        1324        2527
503        0.4906        0.5094        1189        1283        2528
504        0.5041        0.4959        1241        1200        2559
505        0.5098        0.4902        1269        1171        2560
506        0.5101        0.4899        1306        1205        2489
507        0.5276        0.4724        1374        1098        2528
508        0.5343        0.4657        1430        1087        2483
509        0.518        0.482        1386        1206        2408
510        0.5056        0.4944        1294        1238        2468
511        0.4993        0.5007        1235        1242        2523
512        0.4852        0.5148        1212        1360        2428
513        0.4913        0.5087        1234        1321        2445
514        0.4683        0.5317        1084        1401        2515
515        0.4616        0.5384        1072        1456        2472
516        0.4421        0.5579        967        1546        2487
517        0.439        0.561        955        1565        2480
518        0.4438        0.5562        984        1546        2470
519        0.4421        0.5579        991        1570        2439
520        0.4496        0.5504        1007        1511        2482
521        0.4647        0.5353        1066        1419        2515
522        0.4575        0.5425        1015        1440        2545
523        0.4488        0.5512        992        1504        2504
524        0.4435        0.5565        987        1552        2461
525        0.4658        0.5342        1127        1469        2404
526        0.4563        0.5437        1031        1468        2501
527        0.4387        0.5613        980        1593        2427
528        0.4465        0.5535        982        1517        2501
529        0.4405        0.5595        961        1556        2483
530        0.45        0.55        988        1488        2524
531        0.4482        0.5518        1021        1539        2440
532        0.45        0.55        1023        1523        2454
533        0.4691        0.5309        1096        1405        2499
534        0.4831        0.5169        1144        1313        2543
535        0.4851        0.5149        1177        1326        2497
536        0.497        0.503        1240        1270        2490
537        0.4992        0.5008        1248        1256        2496
538        0.4965        0.5035        1237        1272        2491
539        0.4943        0.5057        1203        1260        2537
540        0.4974        0.5026        1270        1296        2434
541        0.4953        0.5047        1210        1257        2533
542        0.4966        0.5034        1240        1274        2486
543        0.498        0.502        1229        1249        2522
544        0.4866        0.5134        1195        1329        2476
545        0.495        0.505        1214        1264        2522
546        0.4903        0.5097        1229        1326        2445
547        0.5097        0.4903        1312        1215        2473
548        0.5089        0.4911        1301        1212        2487
549        0.5039        0.4961        1276        1237        2487
550        0.4951        0.5049        1235        1284        2481
551        0.4861        0.5139        1175        1314        2511
552        0.4759        0.5241        1140        1381        2479
553        0.4818        0.5182        1172        1354        2474
554        0.4955        0.5045        1247        1292        2461
555        0.5063        0.4937        1296        1233        2471
556        0.5045        0.4955        1261        1216        2523
557        0.5012        0.4988        1270        1258        2472
558        0.5033        0.4967        1275        1242        2483
559        0.4977        0.5023        1231        1254        2515
560        0.5052        0.4948        1296        1244        2460
561        0.5053        0.4947        1259        1206        2535
562        0.5121        0.4879        1319        1198        2483
563        0.4977        0.5023        1238        1261        2501
564        0.5104        0.4896        1325        1221        2454
565        0.5087        0.4913        1281        1194        2525
566        0.5084        0.4916        1277        1193        2530
567        0.5263        0.4737        1382        1119        2499
568        0.5261        0.4739        1366        1105        2529
569        0.5346        0.4654        1448        1102        2450
570        0.5201        0.4799        1345        1144        2511
571        0.5026        0.4974        1260        1234        2506
572        0.4993        0.5007        1225        1232        2543
573        0.5059        0.4941        1285        1226        2489
574        0.4912        0.5088        1189        1277        2534
575        0.4873        0.5127        1202        1329        2469
576        0.4834        0.5166        1173        1339        2488
577        0.4734        0.5266        1135        1401        2464
578        0.4623        0.5377        1046        1423        2531
579        0.4714        0.5286        1124        1410        2466
580        0.4654        0.5346        1080        1426        2494
581        0.4588        0.5412        1063        1475        2462
582        0.4663        0.5337        1060        1397        2543
583        0.4583        0.5417        1040        1457        2503
584        0.4648        0.5352        1073        1425        2502
585        0.4583        0.5417        1032        1449        2519
586        0.4684        0.5316        1135        1451        2414
587        0.459        0.541        1047        1457        2496
588        0.4683        0.5317        1121        1438        2441
589        0.4661        0.5339        1102        1441        2457
590        0.4636        0.5364        1089        1453        2458
591        0.4567        0.5433        1060        1493        2447
592        0.4718        0.5282        1147        1429        2424
593        0.4837        0.5163        1183        1346        2471
594        0.4897        0.5103        1182        1285        2533
595        0.4974        0.5026        1218        1244        2538
596        0.4998        0.5002        1254        1256        2490
597        0.5046        0.4954        1287        1241        2472
598        0.5161        0.4839        1291        1130        2579
599        0.5184        0.4816        1342        1158        2500
600        0.5093        0.4907        1318        1225        2457
601        0.5308        0.4692        1437        1129        2434
602        0.5316        0.4684        1416        1100        2484
603        0.5175        0.4825        1338        1163        2499
604        0.5295        0.4705        1396        1101        2503
605        0.5227        0.4773        1355        1128        2517
606        0.5204        0.4796        1323        1119        2558
607        0.5376        0.4624        1417        1041        2542
608        0.5318        0.4682        1400        1082        2518
609        0.5313        0.4687        1429        1116        2455
610        0.5255        0.4745        1366        1111        2523
611        0.5176        0.4824        1354        1178        2468
612        0.5172        0.4828        1343        1171        2486
613        0.5203        0.4797        1352        1149        2499
614        0.511        0.489        1295        1185        2520
615        0.5058        0.4942        1325        1267        2408
616        0.5117        0.4883        1299        1182        2519
617        0.5314        0.4686        1382        1068        2550
618        0.5336        0.4664        1413        1077        2510
619        0.5394        0.4606        1465        1071        2464
620        0.5283        0.4717        1414        1131        2455
621        0.5275        0.4725        1367        1092        2541
622        0.5363        0.4637        1443        1080        2477
623        0.5387        0.4613        1462        1075        2463
624        0.5407        0.4593        1447        1040        2513
625        0.5493        0.4507        1500        1007        2493
626        0.5454        0.4546        1497        1043        2460
627        0.5339        0.4661        1412        1073        2515
628        0.5214        0.4786        1348        1134        2518
629        0.539        0.461        1447        1057        2496
630        0.5475        0.4525        1501        1026        2473
631        0.5349        0.4651        1406        1057        2537
632        0.5202        0.4798        1361        1159        2480
633        0.526        0.474        1399        1139        2462
634        0.5286        0.4714        1408        1122        2470
635        0.532        0.468        1432        1112        2456
636        0.5378        0.4622        1461        1083        2456
637        0.5318        0.4682        1383        1065        2552
638        0.5286        0.4714        1390        1104        2506
639        0.5244        0.4756        1381        1137        2482
640        0.5253        0.4747        1377        1124        2499
641        0.5091        0.4909        1285        1194        2521
642        0.5082        0.4918        1306        1224        2470
643        0.5019        0.4981        1260        1241        2499
644        0.5107        0.4893        1289        1182        2529
645        0.5175        0.4825        1306        1131        2563
646        0.5156        0.4844        1349        1193        2458
647        0.5427        0.4573        1478        1051        2471
648        0.5535        0.4465        1554        1019        2427
649        0.5503        0.4497        1558        1055        2387
650        0.5406        0.4594        1451        1045        2504
651        0.5538        0.4462        1517        979        2504
652        0.5592        0.4408        1528        936        2536
653        0.5514        0.4486        1501        987        2512
654        0.5261        0.4739        1371        1110        2519
655        0.5128        0.4872        1322        1194        2484
656        0.5099        0.4901        1288        1189        2523
657        0.5098        0.4902        1287        1189        2524
658        0.5164        0.4836        1344        1180        2476
659        0.5141        0.4859        1337        1196        2467
660        0.5069        0.4931        1291        1222        2487
661        0.5041        0.4959        1287        1246        2467
662        0.4977        0.5023        1239        1262        2499
663        0.4933        0.5067        1198        1265        2537
664        0.4967        0.5033        1247        1280        2473
665        0.4964        0.5036        1248        1284        2468
666        0.5012        0.4988        1243        1231        2526
667        0.502        0.498        1242        1222        2536
668        0.5118        0.4882        1277        1159        2564
669        0.5144        0.4856        1345        1201        2454
670        0.5129        0.4871        1277        1148        2575
671        0.5002        0.4998        1246        1244        2510
672        0.4936        0.5064        1199        1263        2538
673        0.5015        0.4985        1231        1216        2553
674        0.499        0.501        1245        1255        2500
675        0.5027        0.4973        1252        1225        2523
676        0.5111        0.4889        1299        1188        2513
677        0.5196        0.4804        1325        1129        2546
678        0.5266        0.4734        1365        1099        2536
679        0.5073        0.4927        1267        1194        2539
680        0.5125        0.4875        1320        1195        2485
681        0.5101        0.4899        1304        1203        2493
682        0.491        0.509        1213        1303        2484
683        0.5164        0.4836        1331        1167        2502
684        0.5084        0.4916        1298        1214        2488
685        0.5005        0.4995        1280        1275        2445
686        0.506        0.494        1259        1199        2542
687        0.5243        0.4757        1371        1128        2501
688        0.5278        0.4722        1371        1093        2536
689        0.5271        0.4729        1388        1117        2495
690        0.5184        0.4816        1337        1153        2510
691        0.499        0.501        1258        1268        2474
692        0.5015        0.4985        1266        1251        2483
693        0.4959        0.5041        1220        1261        2519
694        0.5019        0.4981        1305        1286        2409
695        0.4994        0.5006        1222        1228        2550
696        0.4989        0.5011        1257        1268        2475
697        0.5031        0.4969        1257        1226        2517
698        0.4903        0.5097        1188        1285        2527
699        0.4836        0.5164        1168        1332        2500
700        0.4814        0.5186        1168        1354        2478
701        0.4743        0.5257        1111        1368        2521
702        0.4673        0.5327        1119        1446        2435
703        0.467        0.533        1063        1393        2544
704        0.4577        0.5423        1037        1460        2503
705        0.4794        0.5206        1145        1351        2504
706        0.4773        0.5227        1144        1371        2485
707        0.4847        0.5153        1182        1335        2483
708        0.4887        0.5113        1208        1321        2471
709        0.4754        0.5246        1145        1391        2464
710        0.471        0.529        1105        1395        2500
711        0.4651        0.5349        1087        1436        2477
712        0.4739        0.5261        1085        1346        2569
713        0.4685        0.5315        1084        1399        2517
714        0.4739        0.5261        1145        1406        2449
715        0.4902        0.5098        1201        1299        2500
716        0.4838        0.5162        1169        1331        2500
717        0.4971        0.5029        1234        1263        2503
718        0.49        0.51        1162        1262        2576
719        0.4804        0.5196        1138        1334        2528
720        0.4888        0.5112        1209        1321        2470
721        0.5022        0.4978        1279        1257        2464
722        0.4965        0.5035        1227        1262        2511
723        0.4839        0.5161        1169        1330        2501
724        0.4812        0.5188        1157        1345        2498
725        0.4788        0.5212        1157        1369        2474
726        0.4885        0.5115        1192        1307        2501
727        0.4931        0.5069        1178        1247        2575
728        0.4913        0.5087        1211        1298        2491
729        0.4947        0.5053        1233        1286        2481
730        0.5135        0.4865        1329        1194        2477
731        0.5167        0.4833        1346        1179        2475
732        0.5093        0.4907        1318        1225        2457
733        0.5096        0.4904        1282        1186        2532
734        0.5112        0.4888        1292        1180        2528
735        0.507        0.493        1279        1209        2512
736        0.5112        0.4888        1320        1208        2472
737        0.4977        0.5023        1242        1265        2493
738        0.5111        0.4889        1328        1217        2455
739        0.5112        0.4888        1297        1185        2518
740        0.5192        0.4808        1354        1162        2484
741        0.5246        0.4754        1374        1128        2498
742        0.5378        0.4622        1450        1072        2478
743        0.5485        0.4515        1530        1045        2425
744        0.5419        0.4581        1494        1075        2431
745        0.5414        0.4586        1461        1047        2492
746        0.5346        0.4654        1424        1078        2498
747        0.5301        0.4699        1402        1101        2497
748        0.5415        0.4585        1474        1059        2467
749        0.5322        0.4678        1421        1099        2480
750        0.5281        0.4719        1395        1114        2491
751        0.5205        0.4795        1336        1131        2533
752        0.52        0.48        1357        1157        2486
753        0.5372        0.4628        1409        1037        2554
754        0.5478        0.4522        1500        1022        2478
755        0.5584        0.4416        1539        955        2506
756        0.5576        0.4424        1576        1000        2424
757        0.5519        0.4481        1501        982        2517
758        0.5467        0.4533        1514        1047        2439
759        0.5446        0.4554        1512        1066        2422
760        0.568        0.432        1608        928        2464
761        0.5724        0.4276        1676        952        2372
762        0.5685        0.4315        1614        929        2457
763        0.5738        0.4262        1655        917        2428
764        0.5779        0.4221        1664        885        2451
765        0.5814        0.4186        1695        881        2424
766        0.5897        0.4103        1725        828        2447
767        0.5865        0.4135        1719        854        2427
768        0.5762        0.4238        1661        899        2440
769        0.5824        0.4176        1733        909        2358
770        0.582        0.418        1687        867        2446
771        0.5802        0.4198        1677        875        2448
772        0.5845        0.4155        1707        862        2431
773        0.5739        0.4261        1645        906        2449
774        0.5838        0.4162        1715        877        2408
775        0.5689        0.4311        1616        927        2457
776        0.5604        0.4396        1569        965        2466
777        0.5527        0.4473        1548        1021        2431
778        0.5511        0.4489        1489        978        2533
779        0.5512        0.4488        1541        1029        2430
780        0.5348        0.4652        1425        1077        2498
781        0.5286        0.4714        1398        1112        2490
782        0.5317        0.4683        1404        1087        2509
783        0.5412        0.4588        1469        1057        2474
784        0.5438        0.4562        1488        1050        2462
785        0.5323        0.4677        1394        1071        2535
786        0.5266        0.4734        1375        1109        2516
787        0.5354        0.4646        1430        1076        2494
788        0.5339        0.4661        1438        1099        2463
789        0.5239        0.4761        1383        1144        2473
790        0.5109        0.4891        1311        1202        2487
791        0.5095        0.4905        1315        1220        2465
792        0.5039        0.4961        1270        1231        2499
793        0.5084        0.4916        1282        1198        2520
794        0.5136        0.4864        1328        1192        2480
795        0.5119        0.4881        1308        1189        2503
796        0.5055        0.4945        1297        1242        2461
797        0.4953        0.5047        1206        1253        2541
798        0.4873        0.5127        1207        1334        2459
799        0.4819        0.5181        1150        1331        2519
800        0.5083        0.4917        1286        1203        2511
801        0.5376        0.4624        1426        1050        2524
802        0.5481        0.4519        1526        1045        2429
803        0.5533        0.4467        1553        1020        2427
804        0.5529        0.4471        1520        991        2489
805        0.5546        0.4454        1569        1023        2408
806        0.5616        0.4384        1571        955        2474
807        0.5552        0.4448        1536        984        2480
808        0.5584        0.4416        1541        957        2502
809        0.5496        0.4504        1523        1027        2450
810        0.5597        0.4403        1562        965        2473
811        0.5597        0.4403        1555        958        2487
812        0.5729        0.4271        1687        958        2355
813        0.5766        0.4234        1663        897        2440
814        0.5851        0.4149        1675        824        2501
815        0.5792        0.4208        1671        879        2450
816        0.5725        0.4275        1619        894        2487
817        0.5706        0.4294        1614        908        2478
818        0.5701        0.4299        1640        939        2421
819        0.5764        0.4236        1664        900        2436
820        0.5741        0.4259        1608        867        2525
821        0.5676        0.4324        1625        949        2426
822        0.5734        0.4266        1631        897        2472
823        0.5543        0.4457        1520        977        2503
824        0.5433        0.4567        1473        1040        2487
825        0.545        0.455        1481        1031        2488
826        0.5292        0.4708        1423        1131        2446
827        0.5247        0.4753        1387        1140        2473
828        0.5152        0.4848        1349        1197        2454
829        0.5233        0.4767        1395        1162        2443
830        0.5207        0.4793        1360        1153        2487
831        0.5219        0.4781        1376        1157        2467
832        0.5161        0.4839        1332        1171        2497
833        0.5073        0.4927        1274        1201        2525
834        0.5251        0.4749        1370        1119        2511
835        0.5303        0.4697        1384        1081        2535
836        0.5224        0.4776        1312        1088        2600
837        0.5147        0.4853        1327        1180        2493
838        0.5247        0.4753        1376        1129        2495
839        0.5214        0.4786        1342        1128        2530
840        0.5304        0.4696        1417        1113        2470
841        0.5489        0.4511        1510        1021        2469
842        0.5462        0.4538        1471        1009        2520
843        0.5547        0.4453        1530        983        2487
844        0.5575        0.4425        1566        991        2443
845        0.5376        0.4624        1413        1037        2550
846        0.5408        0.4592        1481        1073        2446
847        0.5429        0.4571        1486        1057        2457
848        0.5412        0.4588        1442        1030        2528
849        0.5323        0.4677        1406        1083        2511
850        0.5327        0.4673        1412        1085        2503
851        0.5508        0.4492        1526        1018        2456
852        0.5518        0.4482        1526        1008        2466
853        0.5574        0.4426        1552        978        2470
854        0.5536        0.4464        1540        1004        2456
855        0.5405        0.4595        1481        1076        2443
856        0.5395        0.4605        1453        1058        2489
857        0.5438        0.4562        1495        1057        2448
858        0.5529        0.4471        1512        983        2505
859        0.5585        0.4415        1556        971        2473
860        0.5779        0.4221        1677        898        2425
861        0.5903        0.4097        1769        866        2365
862        0.5868        0.4132        1725        857        2418
863        0.5826        0.4174        1693        867        2440
864        0.578        0.422        1696        916        2388
865        0.5708        0.4292        1644        936        2420
866        0.5738        0.4262        1662        924        2414
867        0.5764        0.4236        1652        888        2460
868        0.5757        0.4243        1659        902        2439
869        0.5755        0.4245        1643        888        2469
870        0.583        0.417        1681        851        2468
871        0.5762        0.4238        1668        906        2426
872        0.5791        0.4209        1661        870        2469
873        0.5813        0.4187        1657        844        2499
874        0.5842        0.4158        1715        873        2412
875        0.5841        0.4159        1710        869        2421
876        0.5827        0.4173        1701        874        2425
877        0.5775        0.4225        1680        905        2415
878        0.5754        0.4246        1660        906        2434
879        0.585        0.415        1696        846        2458
880        0.6025        0.3975        1839        814        2347
881        0.6025        0.3975        1839        814        2347
882        0.619        0.381        1904        714        2382
883        0.6335        0.3665        2010        675        2315
884        0.6297        0.3703        1985        688        2327
885        0.6148        0.3852        1884        736        2380
886        0.5975        0.4025        1774        799        2427
887        0.6006        0.3994        1798        792        2410
888        0.6031        0.3969        1822        791        2387
889        0.5983        0.4017        1796        813        2391
890        0.5991        0.4009        1770        779        2451
891        0.6005        0.3995        1822        817        2361
892        0.6035        0.3965        1814        779        2407
893        0.5978        0.4022        1819        841        2340
894        0.6028        0.3972        1804        776        2420
895        0.5998        0.4002        1791        793        2416
896        0.6014        0.3986        1808        794        2398
897        0.5942        0.4058        1757        815        2428
898        0.5689        0.4311        1637        948        2415
899        0.5732        0.4268        1638        906        2456
900        0.5756        0.4244        1651        895        2454
901        0.5785        0.4215        1665        880        2455
902        0.5799        0.4201        1686        887        2427
903        0.5952        0.4048        1768        816        2416
904        0.5978        0.4022        1796        818        2386
905        0.5922        0.4078        1759        837        2404
906        0.6031        0.3969        1791        760        2449
907        0.6088        0.3912        1841        753        2406
908        0.6181        0.3819        1898        717        2385
909        0.6306        0.3694        1987        681        2332
910        0.6247        0.3753        1934        687        2379
911        0.6219        0.3781        1931        712        2357
912        0.6313        0.3687        1989        676        2335
913        0.6185        0.3815        1898        713        2389
914        0.6216        0.3784        1933        717        2350
915        0.6114        0.3886        1851        737        2412
916        0.6163        0.3837        1894        731        2375
917        0.6277        0.3723        1977        700        2323
918        0.6305        0.3695        1963        658        2379
919        0.6287        0.3713        1977        690        2333
920        0.6237        0.3763        1929        692        2379
921        0.6342        0.3658        2000        658        2342
922        0.626        0.374        1935        675        2390
923        0.6139        0.3861        1900        761        2339
924        0.6208        0.3792        1933        725        2342
925        0.6188        0.3812        1934        746        2320
926        0.613        0.387        1872        742        2386
927        0.6111        0.3889        1875        764        2361
928        0.6115        0.3885        1873        758        2369
929        0.6204        0.3796        1950        746        2304
930        0.6186        0.3814        1919        733        2348
931        0.6173        0.3827        1904        731        2365
932        0.6471        0.3529        2114        643        2243
933        0.6625        0.3375        2174        549        2277
934        0.6597        0.3403        2181        584        2235
935        0.6631        0.3369        2176        545        2279
936        0.6637        0.3363        2227        590        2183
937        0.6668        0.3332        2208        540        2252
938        0.6676        0.3324        2239        563        2198
939        0.6706        0.3294        2248        542        2210
940        0.6799        0.3201        2327        528        2145
941        0.6924        0.3076        2385        461        2154
942        0.6832        0.3168        2332        500        2168
943        0.6849        0.3151        2347        498        2155
944        0.677        0.323        2306        536        2158
945        0.6772        0.3228        2302        530        2168
946        0.6695        0.3305        2234        539        2227
947        0.6708        0.3292        2245        537        2218
948        0.6695        0.3305        2262        567        2171
949        0.6646        0.3354        2218        572        2210
950        0.6689        0.3311        2248        559        2193
951        0.66        0.34        2175        575        2250
952        0.6516        0.3484        2107        591        2302
953        0.6522        0.3478        2113        591        2296
954        0.6601        0.3399        2181        580        2239
955        0.6695        0.3305        2219        524        2257
956        0.6697        0.3303        2256        559        2185
957        0.6712        0.3288        2260        548        2192
958        0.6598        0.3402        2144        546        2310
959        0.6451        0.3549        2093        642        2265
960        0.6278        0.3722        1967        689        2344
961        0.6261        0.3739        1979        718        2303
962        0.6358        0.3642        2025        667        2308
963        0.6491        0.3509        2112        621        2267
964        0.6561        0.3439        2118        557        2325
965        0.6521        0.3479        2131        610        2259
966        0.6619        0.3381        2214        595        2191
967        0.6782        0.3218        2305        523        2172
968        0.6731        0.3269        2271        540        2189
969        0.672        0.328        2279        559        2162
970        0.6746        0.3254        2269        523        2208
971        0.6803        0.3197        2308        505        2187
972        0.688        0.312        2344        464        2192
973        0.6967        0.3033        2444        477        2079
974        0.7015        0.2985        2454        439        2107
975        0.716        0.284        2568        408        2024
976        0.7099        0.2901        2514        415        2071
977        0.7091        0.2909        2501        410        2089
978        0.703        0.297        2461        431        2108
979        0.7048        0.2952        2490        442        2068
980        0.7298        0.2702        2661        363        1976
981        0.7437        0.2563        2790        353        1857
982        0.736        0.264        2683        323        1994
983        0.7302        0.2698        2697        395        1908
984        0.7283        0.2717        2657        374        1969
985        0.7294        0.2706        2675        381        1944
986        0.7317        0.2683        2671        354        1975
987        0.7375        0.2625        2725        350        1925
988        0.7332        0.2668        2698        366        1936
989        0.7324        0.2676        2669        345        1986
990        0.7258        0.2742        2636        378        1986
991        0.7187        0.2813        2568        381        2051
992        0.7171        0.2829        2539        368        2093
993        0.7242        0.2758        2642        400        1958
994        0.7175        0.2825        2584        409        2007
995        0.7211        0.2789        2581        370        2049
996        0.7117        0.2883        2555        438        2007
997        0.6998        0.3002        2422        424        2154
998        0.703        0.297        2468        438        2094
999        0.7006        0.2994        2437        431        2132
