     t           p           q          AA          aa          Aa
     0      0.9065           0.0935           4117.0             52.0            831.0
     1      0.9038           0.0962           4088.0             50.0            862.0
     2      0.9004           0.0996           4036.0             32.0            932.0
     3      0.9030           0.0970           4076.0             46.0            878.0
     4      0.9052           0.0948           4091.0             39.0            870.0
     5      0.9046           0.0954           4097.0             51.0            852.0
     6      0.9052           0.0948           4100.0             48.0            852.0
     7      0.8988           0.1012           4030.0             42.0            928.0
     8      0.8966           0.1034           4015.0             49.0            936.0
     9      0.8976           0.1024           4027.0             51.0            922.0
    10      0.8962           0.1038           4015.0             53.0            932.0
    11      0.8989           0.1011           4048.0             59.0            893.0
    12      0.8978           0.1022           4031.0             53.0            916.0
    13      0.8952           0.1048           3995.0             43.0            962.0
    14      0.8898           0.1102           3974.0             76.0            950.0
    15      0.8884           0.1116           3953.0             69.0            978.0
    16      0.8881           0.1119           3934.0             53.0           1013.0
    17      0.8858           0.1142           3919.0             61.0           1020.0
    18      0.8857           0.1143           3919.0             62.0           1019.0
    19      0.8899           0.1101           3957.0             58.0            985.0
    20      0.8890           0.1110           3953.0             63.0            984.0
    21      0.8895           0.1105           3968.0             73.0            959.0
    22      0.8868           0.1132           3929.0             61.0           1010.0
    23      0.8875           0.1125           3952.0             77.0            971.0
    24      0.8876           0.1124           3939.0             63.0            998.0
    25      0.8849           0.1151           3912.0             63.0           1025.0
    26      0.8853           0.1147           3913.0             60.0           1027.0
    27      0.8784           0.1216           3853.0             69.0           1078.0
    28      0.8812           0.1188           3882.0             70.0           1048.0
    29      0.8798           0.1202           3872.0             74.0           1054.0
    30      0.8803           0.1197           3873.0             70.0           1057.0
    31      0.8780           0.1220           3863.0             83.0           1054.0
    32      0.8793           0.1207           3865.0             72.0           1063.0
    33      0.8822           0.1178           3898.0             76.0           1026.0
    34      0.8829           0.1171           3895.0             66.0           1039.0
    35      0.8854           0.1146           3918.0             64.0           1018.0
    36      0.8873           0.1127           3936.0             63.0           1001.0
    37      0.8920           0.1080           3976.0             56.0            968.0
    38      0.8975           0.1025           4036.0             61.0            903.0
    39      0.9008           0.0992           4073.0             65.0            862.0
    40      0.9004           0.0996           4051.0             47.0            902.0
    41      0.9000           0.1000           4049.0             49.0            902.0
    42      0.8992           0.1008           4042.0             50.0            908.0
    43      0.8996           0.1004           4043.0             47.0            910.0
    44      0.9003           0.0997           4050.0             47.0            903.0
    45      0.9018           0.0982           4055.0             37.0            908.0
    46      0.9001           0.0999           4051.0             50.0            899.0
    47      0.8974           0.1026           4017.0             43.0            940.0
    48      0.8998           0.1002           4048.0             50.0            902.0
    49      0.8993           0.1007           4042.0             49.0            909.0
    50      0.9003           0.0997           4063.0             60.0            877.0
    51      0.9011           0.0989           4055.0             44.0            901.0
    52      0.8970           0.1030           4010.0             40.0            950.0
    53      0.8992           0.1008           4036.0             44.0            920.0
    54      0.8981           0.1019           4035.0             54.0            911.0
    55      0.8979           0.1021           4023.0             44.0            933.0
    56      0.8998           0.1002           4040.0             42.0            918.0
    57      0.8982           0.1018           4047.0             65.0            888.0
    58      0.8979           0.1021           4035.0             56.0            909.0
    59      0.8923           0.1077           3982.0             59.0            959.0
    60      0.8942           0.1058           4005.0             63.0            932.0
    61      0.8900           0.1100           3959.0             59.0            982.0
    62      0.8914           0.1086           3981.0             67.0            952.0
    63      0.8942           0.1058           3990.0             48.0            962.0
    64      0.8968           0.1032           4023.0             55.0            922.0
    65      0.8982           0.1018           4030.0             48.0            922.0
    66      0.9018           0.0982           4067.0             49.0            884.0
    67      0.9048           0.0952           4096.0             48.0            856.0
    68      0.9045           0.0955           4083.0             38.0            879.0
    69      0.9053           0.0947           4095.0             42.0            863.0
    70      0.9020           0.0980           4075.0             55.0            870.0
    71      0.9009           0.0991           4066.0             57.0            877.0
    72      0.9022           0.0978           4062.0             40.0            898.0
    73      0.8956           0.1044           4016.0             60.0            924.0
    74      0.9004           0.0996           4051.0             47.0            902.0
    75      0.8965           0.1035           4018.0             53.0            929.0
    76      0.9018           0.0982           4060.0             42.0            898.0
    77      0.9030           0.0970           4086.0             56.0            858.0
    78      0.9072           0.0928           4110.0             38.0            852.0
    79      0.9073           0.0927           4121.0             48.0            831.0
    80      0.9055           0.0945           4096.0             41.0            863.0
    81      0.9027           0.0973           4077.0             50.0            873.0
    82      0.9057           0.0943           4102.0             45.0            853.0
    83      0.9069           0.0931           4114.0             45.0            841.0
    84      0.9062           0.0938           4105.0             43.0            852.0
    85      0.9072           0.0928           4116.0             44.0            840.0
    86      0.9038           0.0962           4087.0             49.0            864.0
    87      0.9067           0.0933           4115.0             48.0            837.0
    88      0.9057           0.0943           4103.0             46.0            851.0
    89      0.9086           0.0914           4136.0             50.0            814.0
    90      0.9117           0.0883           4154.0             37.0            809.0
    91      0.9083           0.0917           4126.0             43.0            831.0
    92      0.9011           0.0989           4055.0             44.0            901.0
    93      0.8988           0.1012           4034.0             46.0            920.0
    94      0.9014           0.0986           4062.0             48.0            890.0
    95      0.9043           0.0957           4088.0             45.0            867.0
    96      0.8995           0.1005           4027.0             32.0            941.0
    97      0.9021           0.0979           4080.0             59.0            861.0
    98      0.8998           0.1002           4048.0             50.0            902.0
    99      0.8979           0.1021           4019.0             40.0            941.0
   100      0.8980           0.1020           4029.0             49.0            922.0
   101      0.9018           0.0982           4067.0             49.0            884.0
   102      0.9022           0.0978           4060.0             38.0            902.0
   103      0.9044           0.0956           4086.0             42.0            872.0
   104      0.9046           0.0954           4090.0             44.0            866.0
   105      0.9109           0.0891           4150.0             41.0            809.0
   106      0.9085           0.0915           4123.0             38.0            839.0
   107      0.9115           0.0885           4141.0             26.0            833.0
   108      0.9141           0.0859           4174.0             33.0            793.0
   109      0.9075           0.0925           4115.0             40.0            845.0
   110      0.9092           0.0908           4128.0             36.0            836.0
   111      0.9089           0.0911           4130.0             41.0            829.0
   112      0.9106           0.0894           4140.0             34.0            826.0
   113      0.9113           0.0887           4148.0             35.0            817.0
   114      0.9117           0.0883           4151.0             34.0            815.0
   115      0.9054           0.0946           4104.0             50.0            846.0
   116      0.9067           0.0933           4109.0             42.0            849.0
   117      0.9009           0.0991           4061.0             52.0            887.0
   118      0.8978           0.1022           4030.0             52.0            918.0
   119      0.9005           0.0995           4061.0             56.0            883.0
   120      0.9002           0.0998           4060.0             58.0            882.0
   121      0.9006           0.0994           4063.0             57.0            880.0
   122      0.9024           0.0976           4072.0             48.0            880.0
   123      0.9044           0.0956           4082.0             38.0            880.0
   124      0.9053           0.0947           4103.0             50.0            847.0
   125      0.9068           0.0932           4103.0             35.0            862.0
   126      0.9056           0.0944           4098.0             42.0            860.0
   127      0.9096           0.0904           4136.0             40.0            824.0
   128      0.9122           0.0878           4159.0             37.0            804.0
   129      0.9133           0.0867           4174.0             41.0            785.0
   130      0.9131           0.0869           4170.0             39.0            791.0
   131      0.9075           0.0925           4126.0             51.0            823.0
   132      0.9073           0.0927           4117.0             44.0            839.0
   133      0.9071           0.0929           4113.0             42.0            845.0
   134      0.9107           0.0893           4151.0             44.0            805.0
   135      0.9089           0.0911           4139.0             50.0            811.0
   136      0.9139           0.0861           4170.0             31.0            799.0
   137      0.9147           0.0853           4177.0             30.0            793.0
   138      0.9125           0.0875           4158.0             33.0            809.0
   139      0.9119           0.0881           4158.0             39.0            803.0
   140      0.9117           0.0883           4149.0             32.0            819.0
   141      0.9134           0.0866           4167.0             33.0            800.0
   142      0.9102           0.0898           4150.0             48.0            802.0
   143      0.9041           0.0959           4083.0             42.0            875.0
   144      0.9046           0.0954           4084.0             38.0            878.0
   145      0.9028           0.0972           4076.0             48.0            876.0
   146      0.9004           0.0996           4051.0             47.0            902.0
   147      0.9000           0.1000           4053.0             53.0            894.0
   148      0.9007           0.0993           4049.0             42.0            909.0
   149      0.9004           0.0996           4047.0             43.0            910.0
   150      0.8993           0.1007           4030.0             37.0            933.0
   151      0.8992           0.1008           4050.0             58.0            892.0
   152      0.9007           0.0993           4049.0             42.0            909.0
   153      0.9050           0.0950           4093.0             43.0            864.0
   154      0.9000           0.1000           4047.0             47.0            906.0
   155      0.9009           0.0991           4057.0             48.0            895.0
   156      0.8981           0.1019           4038.0             57.0            905.0
   157      0.8969           0.1031           4010.0             41.0            949.0
   158      0.8941           0.1059           3991.0             50.0            959.0
   159      0.8955           0.1045           4000.0             45.0            955.0
   160      0.8986           0.1014           4040.0             54.0            906.0
   161      0.8978           0.1022           4027.0             49.0            924.0
   162      0.8999           0.1001           4061.0             62.0            877.0
   163      0.9043           0.0957           4098.0             55.0            847.0
   164      0.9021           0.0979           4067.0             46.0            887.0
   165      0.9048           0.0952           4100.0             52.0            848.0
   166      0.9008           0.0992           4053.0             45.0            902.0
   167      0.8971           0.1029           4028.0             57.0            915.0
   168      0.8996           0.1004           4043.0             47.0            910.0
   169      0.8967           0.1033           4016.0             49.0            935.0
   170      0.8950           0.1050           4015.0             65.0            920.0
   171      0.8956           0.1044           4003.0             47.0            950.0
   172      0.8976           0.1024           4024.0             48.0            928.0
   173      0.8994           0.1006           4050.0             56.0            894.0
   174      0.9033           0.0967           4084.0             51.0            865.0
   175      0.9071           0.0929           4122.0             51.0            827.0
   176      0.9097           0.0903           4137.0             40.0            823.0
   177      0.9133           0.0867           4170.0             37.0            793.0
   178      0.9103           0.0897           4128.0             25.0            847.0
   179      0.9133           0.0867           4170.0             37.0            793.0
   180      0.9136           0.0864           4166.0             30.0            804.0
   181      0.9169           0.0831           4206.0             37.0            757.0
   182      0.9159           0.0841           4196.0             37.0            767.0
   183      0.9186           0.0814           4214.0             28.0            758.0
   184      0.9157           0.0843           4196.0             39.0            765.0
   185      0.9153           0.0847           4188.0             35.0            777.0
   186      0.9167           0.0833           4209.0             42.0            749.0
   187      0.9172           0.0828           4215.0             43.0            742.0
   188      0.9177           0.0823           4214.0             37.0            749.0
   189      0.9137           0.0863           4170.0             33.0            797.0
   190      0.9111           0.0889           4145.0             34.0            821.0
   191      0.9104           0.0896           4145.0             41.0            814.0
   192      0.9107           0.0893           4157.0             50.0            793.0
   193      0.9098           0.0902           4145.0             47.0            808.0
   194      0.9073           0.0927           4109.0             36.0            855.0
   195      0.9104           0.0896           4142.0             38.0            820.0
   196      0.9124           0.0876           4166.0             42.0            792.0
   197      0.9113           0.0887           4153.0             40.0            807.0
   198      0.9153           0.0847           4176.0             23.0            801.0
   199      0.9161           0.0839           4192.0             31.0            777.0
   200      0.9171           0.0829           4204.0             33.0            763.0
   201      0.9168           0.0832           4205.0             37.0            758.0
   202      0.9129           0.0871           4171.0             42.0            787.0
   203      0.9126           0.0874           4164.0             38.0            798.0
   204      0.9117           0.0883           4158.0             41.0            801.0
   205      0.9058           0.0942           4099.0             41.0            860.0
   206      0.9085           0.0915           4130.0             45.0            825.0
   207      0.9086           0.0914           4127.0             41.0            832.0
   208      0.9097           0.0903           4133.0             36.0            831.0
   209      0.9038           0.0962           4090.0             52.0            858.0
   210      0.9049           0.0951           4094.0             45.0            861.0
   211      0.9021           0.0979           4080.0             59.0            861.0
   212      0.9067           0.0933           4107.0             40.0            853.0
   213      0.9099           0.0901           4140.0             41.0            819.0
   214      0.9055           0.0945           4093.0             38.0            869.0
   215      0.9057           0.0943           4098.0             41.0            861.0
   216      0.9044           0.0956           4077.0             33.0            890.0
   217      0.9013           0.0987           4051.0             38.0            911.0
   218      0.9017           0.0983           4060.0             43.0            897.0
   219      0.9006           0.0994           4058.0             52.0            890.0
   220      0.8987           0.1013           4044.0             57.0            899.0
   221      0.9014           0.0986           4063.0             49.0            888.0
   222      0.9007           0.0993           4057.0             50.0            893.0
   223      0.8990           0.1010           4047.0             57.0            896.0
   224      0.8981           0.1019           4040.0             59.0            901.0
   225      0.9074           0.0926           4113.0             39.0            848.0
   226      0.9157           0.0843           4191.0             34.0            775.0
   227      0.9174           0.0826           4203.0             29.0            768.0
   228      0.9154           0.0846           4198.0             44.0            758.0
   229      0.9157           0.0843           4193.0             36.0            771.0
   230      0.9127           0.0873           4163.0             36.0            801.0
   231      0.9116           0.0884           4151.0             35.0            814.0
   232      0.9109           0.0891           4149.0             40.0            811.0
   233      0.9081           0.0919           4126.0             45.0            829.0
   234      0.9091           0.0909           4126.0             35.0            839.0
   235      0.9120           0.0880           4156.0             36.0            808.0
   236      0.9170           0.0830           4202.0             32.0            766.0
   237      0.9143           0.0857           4179.0             36.0            785.0
   238      0.9118           0.0882           4158.0             40.0            802.0
   239      0.9093           0.0907           4144.0             51.0            805.0
   240      0.9130           0.0870           4172.0             42.0            786.0
   241      0.9116           0.0884           4159.0             43.0            798.0
   242      0.9129           0.0871           4157.0             28.0            815.0
   243      0.9117           0.0883           4158.0             41.0            801.0
   244      0.9140           0.0860           4178.0             38.0            784.0
   245      0.9145           0.0855           4192.0             47.0            761.0
   246      0.9157           0.0843           4201.0             44.0            755.0
   247      0.9119           0.0881           4157.0             38.0            805.0
   248      0.9130           0.0870           4165.0             35.0            800.0
   249      0.9180           0.0820           4220.0             40.0            740.0
   250      0.9155           0.0845           4184.0             29.0            787.0
   251      0.9162           0.0838           4194.0             32.0            774.0
   252      0.9173           0.0827           4201.0             28.0            771.0
   253      0.9164           0.0836           4199.0             35.0            766.0
   254      0.9196           0.0804           4223.0             27.0            750.0
   255      0.9222           0.0778           4259.0             37.0            704.0
   256      0.9219           0.0781           4260.0             41.0            699.0
   257      0.9226           0.0774           4260.0             34.0            706.0
   258      0.9220           0.0780           4250.0             30.0            720.0
   259      0.9194           0.0806           4224.0             30.0            746.0
   260      0.9200           0.0800           4230.0             30.0            740.0
   261      0.9209           0.0791           4247.0             38.0            715.0
   262      0.9179           0.0821           4209.0             30.0            761.0
   263      0.9212           0.0788           4244.0             32.0            724.0
   264      0.9235           0.0765           4261.0             26.0            713.0
   265      0.9288           0.0712           4308.0             20.0            672.0
   266      0.9289           0.0711           4314.0             25.0            661.0
   267      0.9270           0.0730           4296.0             26.0            678.0
   268      0.9297           0.0703           4321.0             24.0            655.0
   269      0.9309           0.0691           4333.0             24.0            643.0
   270      0.9338           0.0662           4356.0             18.0            626.0
   271      0.9314           0.0686           4337.0             23.0            640.0
   272      0.9315           0.0685           4337.0             22.0            641.0
   273      0.9298           0.0702           4324.0             26.0            650.0
   274      0.9302           0.0698           4330.0             28.0            642.0
   275      0.9332           0.0668           4357.0             25.0            618.0
   276      0.9348           0.0652           4369.0             21.0            610.0
   277      0.9358           0.0642           4375.0             17.0            608.0
   278      0.9356           0.0644           4378.0             22.0            600.0
   279      0.9353           0.0647           4368.0             15.0            617.0
   280      0.9351           0.0649           4372.0             21.0            607.0
   281      0.9335           0.0665           4359.0             24.0            617.0
   282      0.9364           0.0636           4380.0             16.0            604.0
   283      0.9336           0.0664           4351.0             15.0            634.0
   284      0.9347           0.0653           4373.0             26.0            601.0
   285      0.9394           0.0606           4420.0             26.0            554.0
   286      0.9402           0.0598           4423.0             21.0            556.0
   287      0.9392           0.0608           4407.0             15.0            578.0
   288      0.9373           0.0627           4399.0             26.0            575.0
   289      0.9383           0.0617           4402.0             19.0            579.0
   290      0.9371           0.0629           4389.0             18.0            593.0
   291      0.9377           0.0623           4395.0             18.0            587.0
   292      0.9360           0.0640           4390.0             30.0            580.0
   293      0.9337           0.0663           4362.0             25.0            613.0
   294      0.9319           0.0681           4342.0             23.0            635.0
   295      0.9316           0.0684           4334.0             18.0            648.0
   296      0.9299           0.0701           4320.0             21.0            659.0
   297      0.9355           0.0645           4374.0             19.0            607.0
   298      0.9366           0.0634           4391.0             25.0            584.0
   299      0.9379           0.0621           4405.0             26.0            569.0
   300      0.9375           0.0625           4397.0             22.0            581.0
   301      0.9363           0.0637           4388.0             25.0            587.0
   302      0.9352           0.0648           4371.0             19.0            610.0
   303      0.9343           0.0657           4365.0             22.0            613.0
   304      0.9370           0.0630           4393.0             23.0            584.0
   305      0.9371           0.0629           4390.0             19.0            591.0
   306      0.9403           0.0597           4426.0             23.0            551.0
   307      0.9397           0.0603           4420.0             23.0            557.0
   308      0.9431           0.0569           4448.0             17.0            535.0
   309      0.9420           0.0580           4440.0             20.0            540.0
   310      0.9383           0.0617           4400.0             17.0            583.0
   311      0.9394           0.0606           4411.0             17.0            572.0
   312      0.9393           0.0607           4403.0             10.0            587.0
   313      0.9370           0.0630           4392.0             22.0            586.0
   314      0.9360           0.0640           4378.0             18.0            604.0
   315      0.9369           0.0631           4394.0             25.0            581.0
   316      0.9338           0.0662           4363.0             25.0            612.0
   317      0.9374           0.0626           4397.0             23.0            580.0
   318      0.9414           0.0586           4432.0             18.0            550.0
   319      0.9381           0.0619           4395.0             14.0            591.0
   320      0.9404           0.0596           4419.0             15.0            566.0
   321      0.9426           0.0574           4447.0             21.0            532.0
   322      0.9446           0.0554           4465.0             19.0            516.0
   323      0.9426           0.0574           4448.0             22.0            530.0
   324      0.9415           0.0585           4430.0             15.0            555.0
   325      0.9389           0.0611           4404.0             15.0            581.0
   326      0.9427           0.0573           4436.0              9.0            555.0
   327      0.9397           0.0603           4413.0             16.0            571.0
   328      0.9414           0.0586           4428.0             14.0            558.0
   329      0.9449           0.0551           4462.0             13.0            525.0
   330      0.9460           0.0540           4472.0             12.0            516.0
   331      0.9466           0.0534           4475.0              9.0            516.0
   332      0.9478           0.0522           4487.0              9.0            504.0
   333      0.9513           0.0487           4528.0             15.0            457.0
   334      0.9527           0.0473           4540.0             13.0            447.0
   335      0.9525           0.0475           4538.0             13.0            449.0
   336      0.9488           0.0512           4502.0             14.0            484.0
   337      0.9463           0.0537           4481.0             18.0            501.0
   338      0.9481           0.0519           4490.0              9.0            501.0
   339      0.9486           0.0514           4502.0             16.0            482.0
   340      0.9489           0.0511           4508.0             19.0            473.0
   341      0.9495           0.0505           4508.0             13.0            479.0
   342      0.9469           0.0531           4480.0             11.0            509.0
   343      0.9458           0.0542           4473.0             15.0            512.0
   344      0.9424           0.0576           4439.0             15.0            546.0
   345      0.9377           0.0623           4399.0             22.0            579.0
   346      0.9376           0.0624           4387.0             11.0            602.0
   347      0.9347           0.0653           4371.0             24.0            605.0
   348      0.9316           0.0684           4341.0             25.0            634.0
   349      0.9325           0.0675           4349.0             24.0            627.0
   350      0.9354           0.0646           4370.0             16.0            614.0
   351      0.9359           0.0641           4384.0             25.0            591.0
   352      0.9340           0.0660           4364.0             24.0            612.0
   353      0.9276           0.0724           4299.0             23.0            678.0
   354      0.9248           0.0752           4268.0             20.0            712.0
   355      0.9225           0.0775           4262.0             37.0            701.0
   356      0.9204           0.0796           4239.0             35.0            726.0
   357      0.9181           0.0819           4208.0             27.0            765.0
   358      0.9150           0.0850           4173.0             23.0            804.0
   359      0.9129           0.0871           4164.0             35.0            801.0
   360      0.9122           0.0878           4164.0             42.0            794.0
   361      0.9122           0.0878           4166.0             44.0            790.0
   362      0.9107           0.0893           4151.0             44.0            805.0
   363      0.9075           0.0925           4123.0             48.0            829.0
   364      0.9125           0.0875           4159.0             34.0            807.0
   365      0.9124           0.0876           4162.0             38.0            800.0
   366      0.9154           0.0846           4195.0             41.0            764.0
   367      0.9174           0.0826           4212.0             38.0            750.0
   368      0.9163           0.0837           4200.0             37.0            763.0
   369      0.9161           0.0839           4193.0             32.0            775.0
   370      0.9140           0.0860           4177.0             37.0            786.0
   371      0.9149           0.0851           4176.0             27.0            797.0
   372      0.9143           0.0857           4188.0             45.0            767.0
   373      0.9103           0.0897           4140.0             37.0            823.0
   374      0.9128           0.0872           4174.0             46.0            780.0
   375      0.9094           0.0906           4131.0             37.0            832.0
   376      0.9078           0.0922           4120.0             42.0            838.0
   377      0.9080           0.0920           4115.0             35.0            850.0
   378      0.9048           0.0952           4089.0             41.0            870.0
   379      0.9034           0.0966           4077.0             43.0            880.0
   380      0.9049           0.0951           4096.0             47.0            857.0
   381      0.9047           0.0953           4098.0             51.0            851.0
   382      0.9007           0.0993           4047.0             40.0            913.0
   383      0.9017           0.0983           4061.0             44.0            895.0
   384      0.9052           0.0948           4095.0             43.0            862.0
   385      0.9094           0.0906           4127.0             33.0            840.0
   386      0.9071           0.0929           4118.0             47.0            835.0
   387      0.9077           0.0923           4108.0             31.0            861.0
   388      0.9113           0.0887           4145.0             32.0            823.0
   389      0.9121           0.0879           4169.0             48.0            783.0
   390      0.9214           0.0786           4242.0             28.0            730.0
   391      0.9251           0.0749           4284.0             33.0            683.0
   392      0.9235           0.0765           4261.0             26.0            713.0
   393      0.9264           0.0736           4287.0             23.0            690.0
   394      0.9262           0.0738           4291.0             29.0            680.0
   395      0.9231           0.0769           4257.0             26.0            717.0
   396      0.9256           0.0744           4289.0             33.0            678.0
   397      0.9303           0.0697           4325.0             22.0            653.0
   398      0.9342           0.0658           4362.0             20.0            618.0
   399      0.9332           0.0668           4357.0             25.0            618.0
   400      0.9311           0.0689           4332.0             21.0            647.0
   401      0.9305           0.0695           4330.0             25.0            645.0
   402      0.9296           0.0704           4325.0             29.0            646.0
   403      0.9298           0.0702           4317.0             19.0            664.0
   404      0.9294           0.0706           4321.0             27.0            652.0
   405      0.9291           0.0709           4316.0             25.0            659.0
   406      0.9276           0.0724           4299.0             23.0            678.0
   407      0.9265           0.0735           4287.0             22.0            691.0
   408      0.9218           0.0782           4246.0             28.0            726.0
   409      0.9189           0.0811           4230.0             41.0            729.0
   410      0.9199           0.0801           4234.0             35.0            731.0
   411      0.9140           0.0860           4188.0             48.0            764.0
   412      0.9182           0.0818           4213.0             31.0            756.0
   413      0.9194           0.0806           4227.0             33.0            740.0
   414      0.9164           0.0836           4191.0             27.0            782.0
   415      0.9205           0.0795           4239.0             34.0            727.0
   416      0.9241           0.0759           4274.0             33.0            693.0
   417      0.9204           0.0796           4230.0             26.0            744.0
   418      0.9212           0.0788           4251.0             39.0            710.0
   419      0.9223           0.0777           4248.0             25.0            727.0
   420      0.9257           0.0743           4281.0             24.0            695.0
   421      0.9213           0.0787           4239.0             26.0            735.0
   422      0.9225           0.0775           4254.0             29.0            717.0
   423      0.9190           0.0810           4223.0             33.0            744.0
   424      0.9156           0.0844           4205.0             49.0            746.0
   425      0.9173           0.0827           4206.0             33.0            761.0
   426      0.9203           0.0797           4246.0             43.0            711.0
   427      0.9193           0.0807           4228.0             35.0            737.0
   428      0.9167           0.0833           4195.0             28.0            777.0
   429      0.9144           0.0856           4185.0             41.0            774.0
   430      0.9150           0.0850           4186.0             36.0            778.0
   431      0.9126           0.0874           4162.0             36.0            802.0
   432      0.9101           0.0899           4143.0             42.0            815.0
   433      0.9124           0.0876           4167.0             43.0            790.0
   434      0.9078           0.0922           4119.0             41.0            840.0
   435      0.9098           0.0902           4138.0             40.0            822.0
   436      0.9117           0.0883           4160.0             43.0            797.0
   437      0.9156           0.0844           4196.0             40.0            764.0
   438      0.9157           0.0843           4192.0             35.0            773.0
   439      0.9260           0.0740           4283.0             23.0            694.0
   440      0.9238           0.0762           4269.0             31.0            700.0
   441      0.9217           0.0783           4243.0             26.0            731.0
   442      0.9236           0.0764           4262.0             26.0            712.0
   443      0.9263           0.0737           4289.0             26.0            685.0
   444      0.9254           0.0746           4281.0             27.0            692.0
   445      0.9223           0.0777           4255.0             32.0            713.0
   446      0.9244           0.0756           4266.0             22.0            712.0
   447      0.9220           0.0780           4248.0             28.0            724.0
   448      0.9194           0.0806           4217.0             23.0            760.0
   449      0.9216           0.0784           4247.0             31.0            722.0
   450      0.9182           0.0818           4216.0             34.0            750.0
   451      0.9223           0.0777           4258.0             35.0            707.0
   452      0.9237           0.0763           4264.0             27.0            709.0
   453      0.9225           0.0775           4253.0             28.0            719.0
   454      0.9239           0.0761           4268.0             29.0            703.0
   455      0.9263           0.0737           4301.0             38.0            661.0
   456      0.9290           0.0710           4314.0             24.0            662.0
   457      0.9279           0.0721           4307.0             28.0            665.0
   458      0.9302           0.0698           4325.0             23.0            652.0
   459      0.9344           0.0656           4372.0             28.0            600.0
   460      0.9304           0.0696           4331.0             27.0            642.0
   461      0.9300           0.0700           4319.0             19.0            662.0
   462      0.9314           0.0686           4339.0             25.0            636.0
   463      0.9296           0.0704           4316.0             20.0            664.0
   464      0.9263           0.0737           4284.0             21.0            695.0
   465      0.9258           0.0742           4280.0             22.0            698.0
   466      0.9288           0.0712           4316.0             28.0            656.0
   467      0.9324           0.0676           4342.0             18.0            640.0
   468      0.9296           0.0704           4321.0             25.0            654.0
   469      0.9253           0.0747           4285.0             32.0            683.0
   470      0.9239           0.0761           4266.0             27.0            707.0
   471      0.9233           0.0767           4272.0             39.0            689.0
   472      0.9242           0.0758           4265.0             23.0            712.0
   473      0.9202           0.0798           4227.0             25.0            748.0
   474      0.9229           0.0771           4266.0             37.0            697.0
   475      0.9221           0.0779           4254.0             33.0            713.0
   476      0.9198           0.0802           4226.0             28.0            746.0
   477      0.9224           0.0776           4245.0             21.0            734.0
   478      0.9242           0.0758           4271.0             29.0            700.0
   479      0.9218           0.0782           4246.0             28.0            726.0
   480      0.9201           0.0799           4235.0             34.0            731.0
   481      0.9190           0.0810           4220.0             30.0            750.0
   482      0.9230           0.0770           4260.0             30.0            710.0
   483      0.9238           0.0762           4266.0             28.0            706.0
   484      0.9228           0.0772           4257.0             29.0            714.0
   485      0.9209           0.0791           4235.0             26.0            739.0
   486      0.9167           0.0833           4192.0             25.0            783.0
   487      0.9150           0.0850           4201.0             51.0            748.0
   488      0.9108           0.0892           4146.0             38.0            816.0
   489      0.9105           0.0895           4145.0             40.0            815.0
   490      0.9115           0.0885           4160.0             45.0            795.0
   491      0.9077           0.0923           4120.0             43.0            837.0
   492      0.9032           0.0968           4079.0             47.0            874.0
   493      0.9056           0.0944           4105.0             49.0            846.0
   494      0.9061           0.0939           4101.0             40.0            859.0
   495      0.9027           0.0973           4074.0             47.0            879.0
   496      0.9011           0.0989           4047.0             36.0            917.0
   497      0.9017           0.0983           4055.0             38.0            907.0
   498      0.9032           0.0968           4069.0             37.0            894.0
   499      0.8995           0.1005           4039.0             44.0            917.0
   500      0.8974           0.1026           4034.0             60.0            906.0
   501      0.8925           0.1075           3990.0             65.0            945.0
   502      0.8926           0.1074           3983.0             57.0            960.0
   503      0.8939           0.1061           3992.0             53.0            955.0
   504      0.8987           0.1013           4043.0             56.0            901.0
   505      0.8974           0.1026           4036.0             62.0            902.0
   506      0.8949           0.1051           4008.0             59.0            933.0
   507      0.8933           0.1067           3988.0             55.0            957.0
   508      0.8931           0.1069           3999.0             68.0            933.0
   509      0.8875           0.1125           3944.0             69.0            987.0
   510      0.8900           0.1100           3972.0             72.0            956.0
   511      0.8835           0.1165           3903.0             68.0           1029.0
   512      0.8840           0.1160           3907.0             67.0           1026.0
   513      0.8774           0.1226           3850.0             76.0           1074.0
   514      0.8799           0.1201           3867.0             68.0           1065.0
   515      0.8774           0.1226           3843.0             69.0           1088.0
   516      0.8721           0.1279           3810.0             89.0           1101.0
   517      0.8734           0.1266           3816.0             82.0           1102.0
   518      0.8727           0.1273           3800.0             73.0           1127.0
   519      0.8690           0.1310           3776.0             86.0           1138.0
   520      0.8705           0.1295           3783.0             78.0           1139.0
   521      0.8698           0.1302           3785.0             87.0           1128.0
   522      0.8749           0.1251           3823.0             74.0           1103.0
   523      0.8764           0.1236           3841.0             77.0           1082.0
   524      0.8731           0.1269           3812.0             81.0           1107.0
   525      0.8684           0.1316           3770.0             86.0           1144.0
   526      0.8696           0.1304           3786.0             90.0           1124.0
   527      0.8726           0.1274           3806.0             80.0           1114.0
   528      0.8747           0.1253           3832.0             85.0           1083.0
   529      0.8729           0.1271           3817.0             88.0           1095.0
   530      0.8761           0.1239           3831.0             70.0           1099.0
   531      0.8742           0.1258           3816.0             74.0           1110.0
   532      0.8728           0.1272           3809.0             81.0           1110.0
   533      0.8722           0.1278           3795.0             73.0           1132.0
   534      0.8775           0.1225           3842.0             67.0           1091.0
   535      0.8760           0.1240           3835.0             75.0           1090.0
   536      0.8783           0.1217           3860.0             77.0           1063.0
   537      0.8792           0.1208           3863.0             71.0           1066.0
   538      0.8787           0.1213           3855.0             68.0           1077.0
   539      0.8778           0.1222           3846.0             68.0           1086.0
   540      0.8752           0.1248           3838.0             86.0           1076.0
   541      0.8728           0.1272           3817.0             89.0           1094.0
   542      0.8698           0.1302           3775.0             77.0           1148.0
   543      0.8739           0.1261           3815.0             76.0           1109.0
   544      0.8691           0.1309           3769.0             78.0           1153.0
   545      0.8670           0.1330           3753.0             83.0           1164.0
   546      0.8639           0.1361           3723.0             84.0           1193.0
   547      0.8567           0.1433           3682.0            115.0           1203.0
   548      0.8594           0.1406           3708.0            114.0           1178.0
   549      0.8577           0.1423           3672.0             95.0           1233.0
   550      0.8574           0.1426           3684.0            110.0           1206.0
   551      0.8527           0.1473           3651.0            124.0           1225.0
   552      0.8515           0.1485           3626.0            111.0           1263.0
   553      0.8506           0.1494           3619.0            113.0           1268.0
   554      0.8465           0.1535           3585.0            120.0           1295.0
   555      0.8449           0.1551           3558.0            109.0           1333.0
   556      0.8465           0.1535           3586.0            121.0           1293.0
   557      0.8493           0.1507           3614.0            121.0           1265.0
   558      0.8417           0.1583           3550.0            133.0           1317.0
   559      0.8411           0.1589           3527.0            116.0           1357.0
   560      0.8498           0.1502           3620.0            122.0           1258.0
   561      0.8499           0.1501           3622.0            123.0           1255.0
   562      0.8547           0.1453           3637.0             90.0           1273.0
   563      0.8499           0.1501           3608.0            109.0           1283.0
   564      0.8502           0.1498           3627.0            125.0           1248.0
   565      0.8519           0.1481           3603.0             84.0           1313.0
   566      0.8477           0.1523           3595.0            118.0           1287.0
   567      0.8476           0.1524           3590.0            114.0           1296.0
   568      0.8473           0.1527           3609.0            136.0           1255.0
   569      0.8454           0.1546           3569.0            115.0           1316.0
   570      0.8408           0.1592           3536.0            128.0           1336.0
   571      0.8414           0.1586           3536.0            122.0           1342.0
   572      0.8449           0.1551           3571.0            122.0           1307.0
   573      0.8447           0.1553           3566.0            119.0           1315.0
   574      0.8448           0.1552           3572.0            124.0           1304.0
   575      0.8466           0.1534           3586.0            120.0           1294.0
   576      0.8455           0.1545           3562.0            107.0           1331.0
   577      0.8491           0.1509           3600.0            109.0           1291.0
   578      0.8457           0.1543           3589.0            132.0           1279.0
   579      0.8478           0.1522           3609.0            131.0           1260.0
   580      0.8425           0.1575           3531.0            106.0           1363.0
   581      0.8487           0.1513           3592.0            105.0           1303.0
   582      0.8461           0.1539           3598.0            137.0           1265.0
   583      0.8460           0.1540           3579.0            119.0           1302.0
   584      0.8434           0.1566           3561.0            127.0           1312.0
   585      0.8395           0.1605           3520.0            125.0           1355.0
   586      0.8457           0.1543           3571.0            114.0           1315.0
   587      0.8459           0.1541           3578.0            119.0           1303.0
   588      0.8439           0.1561           3582.0            143.0           1275.0
   589      0.8384           0.1616           3512.0            128.0           1360.0
   590      0.8388           0.1612           3527.0            139.0           1334.0
   591      0.8370           0.1630           3501.0            131.0           1368.0
   592      0.8324           0.1676           3478.0            154.0           1368.0
   593      0.8348           0.1652           3489.0            141.0           1370.0
   594      0.8358           0.1642           3488.0            130.0           1382.0
   595      0.8389           0.1611           3511.0            122.0           1367.0
   596      0.8408           0.1592           3536.0            128.0           1336.0
   597      0.8416           0.1584           3554.0            138.0           1308.0
   598      0.8461           0.1539           3585.0            124.0           1291.0
   599      0.8480           0.1520           3579.0             99.0           1322.0
   600      0.8484           0.1516           3600.0            116.0           1284.0
   601      0.8499           0.1501           3620.0            121.0           1259.0
   602      0.8562           0.1438           3662.0            100.0           1238.0
   603      0.8588           0.1412           3699.0            111.0           1190.0
   604      0.8578           0.1422           3676.0             98.0           1226.0
   605      0.8526           0.1474           3644.0            118.0           1238.0
   606      0.8487           0.1513           3609.0            122.0           1269.0
   607      0.8353           0.1647           3473.0            120.0           1407.0
   608      0.8326           0.1674           3472.0            146.0           1382.0
   609      0.8378           0.1622           3506.0            128.0           1366.0
   610      0.8380           0.1620           3507.0            127.0           1366.0
   611      0.8424           0.1576           3568.0            144.0           1288.0
   612      0.8391           0.1609           3515.0            124.0           1361.0
   613      0.8324           0.1676           3455.0            131.0           1414.0
   614      0.8361           0.1639           3499.0            138.0           1363.0
   615      0.8356           0.1644           3484.0            128.0           1388.0
   616      0.8348           0.1652           3479.0            131.0           1390.0
   617      0.8404           0.1596           3522.0            118.0           1360.0
   618      0.8373           0.1627           3495.0            122.0           1383.0
   619      0.8408           0.1592           3546.0            138.0           1316.0
   620      0.8370           0.1630           3503.0            133.0           1364.0
   621      0.8332           0.1668           3474.0            142.0           1384.0
   622      0.8356           0.1644           3502.0            146.0           1352.0
   623      0.8338           0.1662           3478.0            140.0           1382.0
   624      0.8363           0.1637           3499.0            136.0           1365.0
   625      0.8298           0.1702           3425.0            127.0           1448.0
   626      0.8248           0.1752           3422.0            174.0           1404.0
   627      0.8275           0.1725           3424.0            149.0           1427.0
   628      0.8289           0.1711           3430.0            141.0           1429.0
   629      0.8226           0.1774           3404.0            178.0           1418.0
   630      0.8214           0.1786           3359.0            145.0           1496.0
   631      0.8183           0.1817           3334.0            151.0           1515.0
   632      0.8176           0.1824           3349.0            173.0           1478.0
   633      0.8152           0.1848           3321.0            169.0           1510.0
   634      0.8181           0.1819           3359.0            178.0           1463.0
   635      0.8180           0.1820           3344.0            164.0           1492.0
   636      0.8112           0.1888           3276.0            164.0           1560.0
   637      0.8074           0.1926           3246.0            172.0           1582.0
   638      0.8085           0.1915           3278.0            193.0           1529.0
   639      0.8137           0.1863           3327.0            190.0           1483.0
   640      0.8092           0.1908           3270.0            178.0           1552.0
   641      0.8040           0.1960           3235.0            195.0           1570.0
   642      0.8162           0.1838           3331.0            169.0           1500.0
   643      0.8133           0.1867           3310.0            177.0           1513.0
   644      0.8143           0.1857           3305.0            162.0           1533.0
   645      0.8143           0.1857           3308.0            165.0           1527.0
   646      0.8157           0.1843           3325.0            168.0           1507.0
   647      0.8211           0.1789           3368.0            157.0           1475.0
   648      0.8268           0.1732           3424.0            156.0           1420.0
   649      0.8246           0.1754           3420.0            174.0           1406.0
   650      0.8272           0.1728           3424.0            152.0           1424.0
   651      0.8251           0.1749           3403.0            152.0           1445.0
   652      0.8254           0.1746           3415.0            161.0           1424.0
   653      0.8245           0.1755           3388.0            143.0           1469.0
   654      0.8246           0.1754           3412.0            166.0           1422.0
   655      0.8261           0.1739           3394.0            133.0           1473.0
   656      0.8289           0.1711           3450.0            161.0           1389.0
   657      0.8268           0.1732           3394.0            126.0           1480.0
   658      0.8313           0.1687           3450.0            137.0           1413.0
   659      0.8307           0.1693           3451.0            144.0           1405.0
   660      0.8277           0.1723           3424.0            147.0           1429.0
   661      0.8198           0.1802           3358.0            160.0           1482.0
   662      0.8203           0.1797           3368.0            165.0           1467.0
   663      0.8248           0.1752           3407.0            159.0           1434.0
   664      0.8340           0.1660           3492.0            152.0           1356.0
   665      0.8325           0.1675           3472.0            147.0           1381.0
   666      0.8318           0.1682           3474.0            156.0           1370.0
   667      0.8236           0.1764           3400.0            164.0           1436.0
   668      0.8197           0.1803           3371.0            174.0           1455.0
   669      0.8206           0.1794           3373.0            167.0           1460.0
   670      0.8244           0.1756           3391.0            147.0           1462.0
   671      0.8239           0.1761           3412.0            173.0           1415.0
   672      0.8284           0.1716           3432.0            148.0           1420.0
   673      0.8257           0.1743           3392.0            135.0           1473.0
   674      0.8260           0.1740           3417.0            157.0           1426.0
   675      0.8232           0.1768           3394.0            162.0           1444.0
   676      0.8267           0.1733           3399.0            132.0           1469.0
   677      0.8287           0.1713           3441.0            154.0           1405.0
   678      0.8349           0.1651           3496.0            147.0           1357.0
   679      0.8345           0.1655           3475.0            130.0           1395.0
   680      0.8339           0.1661           3489.0            150.0           1361.0
   681      0.8299           0.1701           3411.0            112.0           1477.0
   682      0.8294           0.1706           3437.0            143.0           1420.0
   683      0.8354           0.1646           3501.0            147.0           1352.0
   684      0.8377           0.1623           3511.0            134.0           1355.0
   685      0.8356           0.1644           3473.0            117.0           1410.0
   686      0.8371           0.1629           3506.0            135.0           1359.0
   687      0.8398           0.1602           3522.0            124.0           1354.0
   688      0.8352           0.1648           3494.0            142.0           1364.0
   689      0.8357           0.1643           3492.0            135.0           1373.0
   690      0.8369           0.1631           3509.0            140.0           1351.0
   691      0.8391           0.1609           3537.0            146.0           1317.0
   692      0.8442           0.1558           3551.0            109.0           1340.0
   693      0.8449           0.1551           3558.0            109.0           1333.0
   694      0.8441           0.1559           3568.0            127.0           1305.0
   695      0.8404           0.1596           3525.0            121.0           1354.0
   696      0.8376           0.1624           3517.0            141.0           1342.0
   697      0.8434           0.1566           3543.0            109.0           1348.0
   698      0.8429           0.1571           3546.0            117.0           1337.0
   699      0.8408           0.1592           3530.0            122.0           1348.0
   700      0.8404           0.1596           3520.0            116.0           1364.0
   701      0.8348           0.1652           3478.0            130.0           1392.0
   702      0.8428           0.1572           3536.0            108.0           1356.0
   703      0.8446           0.1554           3563.0            117.0           1320.0
   704      0.8467           0.1533           3572.0            105.0           1323.0
   705      0.8467           0.1533           3586.0            119.0           1295.0
   706      0.8439           0.1561           3566.0            127.0           1307.0
   707      0.8481           0.1519           3594.0            113.0           1293.0
   708      0.8494           0.1506           3607.0            113.0           1280.0
   709      0.8547           0.1453           3647.0            100.0           1253.0
   710      0.8590           0.1410           3697.0            107.0           1196.0
   711      0.8568           0.1432           3674.0            106.0           1220.0
   712      0.8634           0.1366           3726.0             92.0           1182.0
   713      0.8718           0.1282           3800.0             82.0           1118.0
   714      0.8695           0.1305           3777.0             82.0           1141.0
   715      0.8659           0.1341           3754.0             95.0           1151.0
   716      0.8644           0.1356           3751.0            107.0           1142.0
   717      0.8649           0.1351           3745.0             96.0           1159.0
   718      0.8641           0.1359           3735.0             94.0           1171.0
   719      0.8699           0.1301           3784.0             85.0           1131.0
   720      0.8763           0.1237           3829.0             66.0           1105.0
   721      0.8715           0.1285           3797.0             82.0           1121.0
   722      0.8714           0.1286           3790.0             76.0           1134.0
   723      0.8732           0.1268           3819.0             87.0           1094.0
   724      0.8709           0.1291           3794.0             85.0           1121.0
   725      0.8754           0.1246           3838.0             84.0           1078.0
   726      0.8720           0.1280           3797.0             77.0           1126.0
   727      0.8699           0.1301           3782.0             83.0           1135.0
   728      0.8718           0.1282           3804.0             86.0           1110.0
   729      0.8717           0.1283           3817.0            100.0           1083.0
   730      0.8718           0.1282           3806.0             88.0           1106.0
   731      0.8773           0.1227           3851.0             78.0           1071.0
   732      0.8714           0.1286           3798.0             84.0           1118.0
   733      0.8745           0.1255           3817.0             72.0           1111.0
   734      0.8731           0.1269           3814.0             83.0           1103.0
   735      0.8716           0.1284           3797.0             81.0           1122.0
   736      0.8710           0.1290           3785.0             75.0           1140.0
   737      0.8708           0.1292           3781.0             73.0           1146.0
   738      0.8689           0.1311           3782.0             93.0           1125.0
   739      0.8696           0.1304           3778.0             82.0           1140.0
   740      0.8697           0.1303           3781.0             84.0           1135.0
   741      0.8688           0.1312           3777.0             89.0           1134.0
   742      0.8736           0.1264           3808.0             72.0           1120.0
   743      0.8762           0.1238           3840.0             78.0           1082.0
   744      0.8750           0.1250           3821.0             71.0           1108.0
   745      0.8717           0.1283           3792.0             75.0           1133.0
   746      0.8738           0.1262           3831.0             93.0           1076.0
   747      0.8715           0.1285           3793.0             78.0           1129.0
   748      0.8703           0.1297           3787.0             84.0           1129.0
   749      0.8711           0.1289           3784.0             73.0           1143.0
   750      0.8757           0.1243           3835.0             78.0           1087.0
   751      0.8771           0.1229           3847.0             76.0           1077.0
   752      0.8791           0.1209           3868.0             77.0           1055.0
   753      0.8847           0.1153           3900.0             53.0           1047.0
   754      0.8825           0.1175           3887.0             62.0           1051.0
   755      0.8790           0.1210           3868.0             78.0           1054.0
   756      0.8794           0.1206           3866.0             72.0           1062.0
   757      0.8823           0.1177           3884.0             61.0           1055.0
   758      0.8840           0.1160           3917.0             77.0           1006.0
   759      0.8823           0.1177           3882.0             59.0           1059.0
   760      0.8789           0.1211           3866.0             77.0           1057.0
   761      0.8808           0.1192           3882.0             74.0           1044.0
   762      0.8777           0.1223           3853.0             76.0           1071.0
   763      0.8738           0.1262           3807.0             69.0           1124.0
   764      0.8733           0.1267           3811.0             78.0           1111.0
   765      0.8685           0.1315           3776.0             91.0           1133.0
   766      0.8724           0.1276           3799.0             75.0           1126.0
   767      0.8700           0.1300           3781.0             81.0           1138.0
   768      0.8677           0.1323           3765.0             88.0           1147.0
   769      0.8620           0.1380           3718.0             98.0           1184.0
   770      0.8578           0.1422           3670.0             92.0           1238.0
   771      0.8601           0.1399           3684.0             83.0           1233.0
   772      0.8618           0.1382           3713.0             95.0           1192.0
   773      0.8614           0.1386           3717.0            103.0           1180.0
   774      0.8630           0.1370           3723.0             93.0           1184.0
   775      0.8600           0.1400           3683.0             83.0           1234.0
   776      0.8627           0.1373           3710.0             83.0           1207.0
   777      0.8564           0.1436           3663.0             99.0           1238.0
   778      0.8533           0.1467           3630.0             97.0           1273.0
   779      0.8552           0.1448           3665.0            113.0           1222.0
   780      0.8556           0.1444           3664.0            108.0           1228.0
   781      0.8622           0.1378           3712.0             90.0           1198.0
   782      0.8566           0.1434           3651.0             85.0           1264.0
   783      0.8588           0.1412           3681.0             93.0           1226.0
   784      0.8561           0.1439           3667.0            106.0           1227.0
   785      0.8519           0.1481           3638.0            119.0           1243.0
   786      0.8474           0.1526           3574.0            100.0           1326.0
   787      0.8493           0.1507           3607.0            114.0           1279.0
   788      0.8487           0.1513           3620.0            133.0           1247.0
   789      0.8576           0.1424           3679.0            103.0           1218.0
   790      0.8620           0.1380           3739.0            119.0           1142.0
   791      0.8634           0.1366           3737.0            103.0           1160.0
   792      0.8623           0.1377           3725.0            102.0           1173.0
   793      0.8636           0.1364           3735.0             99.0           1166.0
   794      0.8602           0.1398           3704.0            102.0           1194.0
   795      0.8594           0.1406           3695.0            101.0           1204.0
   796      0.8588           0.1412           3689.0            101.0           1210.0
   797      0.8570           0.1430           3679.0            109.0           1212.0
   798      0.8528           0.1472           3642.0            114.0           1244.0
   799      0.8526           0.1474           3650.0            124.0           1226.0
   800      0.8533           0.1467           3639.0            106.0           1255.0
   801      0.8556           0.1444           3656.0            100.0           1244.0
   802      0.8570           0.1430           3669.0             99.0           1232.0
   803      0.8575           0.1425           3669.0             94.0           1237.0
   804      0.8535           0.1465           3626.0             91.0           1283.0
   805      0.8494           0.1506           3599.0            105.0           1296.0
   806      0.8461           0.1539           3565.0            104.0           1331.0
   807      0.8515           0.1485           3619.0            104.0           1277.0
   808      0.8522           0.1478           3631.0            109.0           1260.0
   809      0.8505           0.1495           3606.0            101.0           1293.0
   810      0.8464           0.1536           3600.0            136.0           1264.0
   811      0.8496           0.1504           3608.0            112.0           1280.0
   812      0.8520           0.1480           3628.0            108.0           1264.0
   813      0.8497           0.1503           3610.0            113.0           1277.0
   814      0.8546           0.1454           3654.0            108.0           1238.0
   815      0.8529           0.1471           3630.0            101.0           1269.0
   816      0.8470           0.1530           3581.0            111.0           1308.0
   817      0.8484           0.1516           3603.0            119.0           1278.0
   818      0.8510           0.1490           3611.0            101.0           1288.0
   819      0.8519           0.1481           3630.0            111.0           1259.0
   820      0.8551           0.1449           3662.0            111.0           1227.0
   821      0.8573           0.1427           3655.0             82.0           1263.0
   822      0.8536           0.1464           3657.0            121.0           1222.0
   823      0.8557           0.1443           3657.0            100.0           1243.0
   824      0.8552           0.1448           3642.0             90.0           1268.0
   825      0.8544           0.1456           3658.0            114.0           1228.0
   826      0.8548           0.1452           3638.0             90.0           1272.0
   827      0.8592           0.1408           3686.0             94.0           1220.0
   828      0.8581           0.1419           3671.0             90.0           1239.0
   829      0.8616           0.1384           3703.0             87.0           1210.0
   830      0.8538           0.1462           3658.0            120.0           1222.0
   831      0.8527           0.1473           3620.0             93.0           1287.0
   832      0.8552           0.1448           3664.0            112.0           1224.0
   833      0.8590           0.1410           3696.0            106.0           1198.0
   834      0.8580           0.1420           3668.0             88.0           1244.0
   835      0.8582           0.1418           3691.0            109.0           1200.0
   836      0.8639           0.1361           3730.0             91.0           1179.0
   837      0.8651           0.1349           3745.0             94.0           1161.0
   838      0.8668           0.1332           3758.0             90.0           1152.0
   839      0.8615           0.1385           3719.0            104.0           1177.0
   840      0.8572           0.1428           3667.0             95.0           1238.0
   841      0.8563           0.1437           3665.0            102.0           1233.0
   842      0.8527           0.1473           3621.0             94.0           1285.0
   843      0.8469           0.1531           3598.0            129.0           1273.0
   844      0.8462           0.1538           3579.0            117.0           1304.0
   845      0.8428           0.1572           3544.0            116.0           1340.0
   846      0.8448           0.1552           3562.0            114.0           1324.0
   847      0.8455           0.1545           3576.0            121.0           1303.0
   848      0.8425           0.1575           3540.0            115.0           1345.0
   849      0.8526           0.1474           3625.0             99.0           1276.0
   850      0.8529           0.1471           3637.0            108.0           1255.0
   851      0.8503           0.1497           3618.0            115.0           1267.0
   852      0.8486           0.1514           3620.0            134.0           1246.0
   853      0.8392           0.1608           3526.0            134.0           1340.0
   854      0.8395           0.1605           3522.0            127.0           1351.0
   855      0.8426           0.1574           3539.0            113.0           1348.0
   856      0.8407           0.1593           3544.0            137.0           1319.0
   857      0.8488           0.1512           3610.0            122.0           1268.0
   858      0.8480           0.1520           3609.0            129.0           1262.0
   859      0.8524           0.1476           3648.0            124.0           1228.0
   860      0.8558           0.1442           3650.0             92.0           1258.0
   861      0.8537           0.1463           3646.0            109.0           1245.0
   862      0.8565           0.1435           3665.0            100.0           1235.0
   863      0.8549           0.1451           3642.0             93.0           1265.0
   864      0.8537           0.1463           3638.0            101.0           1261.0
   865      0.8564           0.1436           3671.0            107.0           1222.0
   866      0.8639           0.1361           3728.0             89.0           1183.0
   867      0.8617           0.1383           3731.0            114.0           1155.0
   868      0.8662           0.1338           3733.0             71.0           1196.0
   869      0.8590           0.1410           3676.0             86.0           1238.0
   870      0.8634           0.1366           3720.0             86.0           1194.0
   871      0.8601           0.1399           3699.0             98.0           1203.0
   872      0.8584           0.1416           3687.0            103.0           1210.0
   873      0.8549           0.1451           3655.0            106.0           1239.0
   874      0.8521           0.1479           3629.0            108.0           1263.0
   875      0.8504           0.1496           3614.0            110.0           1276.0
   876      0.8532           0.1468           3655.0            123.0           1222.0
   877      0.8509           0.1491           3627.0            118.0           1255.0
   878      0.8532           0.1468           3641.0            109.0           1250.0
   879      0.8489           0.1511           3596.0            107.0           1297.0
   880      0.8478           0.1522           3610.0            132.0           1258.0
   881      0.8492           0.1508           3613.0            121.0           1266.0
   882      0.8452           0.1548           3562.0            110.0           1328.0
   883      0.8401           0.1599           3547.0            146.0           1307.0
   884      0.8373           0.1627           3515.0            142.0           1343.0
   885      0.8425           0.1575           3546.0            121.0           1333.0
   886      0.8420           0.1580           3559.0            139.0           1302.0
   887      0.8449           0.1551           3569.0            120.0           1311.0
   888      0.8417           0.1583           3543.0            126.0           1331.0
   889      0.8388           0.1612           3505.0            117.0           1378.0
   890      0.8384           0.1616           3517.0            133.0           1350.0
   891      0.8402           0.1598           3519.0            117.0           1364.0
   892      0.8442           0.1558           3567.0            125.0           1308.0
   893      0.8522           0.1478           3647.0            125.0           1228.0
   894      0.8523           0.1477           3631.0            108.0           1261.0
   895      0.8519           0.1481           3620.0            101.0           1279.0
   896      0.8486           0.1514           3600.0            114.0           1286.0
   897      0.8440           0.1560           3560.0            120.0           1320.0
   898      0.8414           0.1586           3527.0            113.0           1360.0
   899      0.8419           0.1581           3546.0            127.0           1327.0
   900      0.8383           0.1617           3509.0            126.0           1365.0
   901      0.8308           0.1692           3439.0            131.0           1430.0
   902      0.8262           0.1738           3426.0            164.0           1410.0
   903      0.8220           0.1780           3366.0            146.0           1488.0
   904      0.8176           0.1824           3359.0            183.0           1458.0
   905      0.8206           0.1794           3356.0            150.0           1494.0
   906      0.8175           0.1825           3331.0            156.0           1513.0
   907      0.8237           0.1763           3389.0            152.0           1459.0
   908      0.8257           0.1743           3407.0            150.0           1443.0
   909      0.8352           0.1648           3501.0            149.0           1350.0
   910      0.8370           0.1630           3515.0            145.0           1340.0
   911      0.8349           0.1651           3476.0            127.0           1397.0
   912      0.8384           0.1616           3504.0            120.0           1376.0
   913      0.8420           0.1580           3543.0            123.0           1334.0
   914      0.8447           0.1553           3561.0            114.0           1325.0
   915      0.8454           0.1546           3598.0            144.0           1258.0
   916      0.8490           0.1510           3610.0            120.0           1270.0
   917      0.8473           0.1527           3591.0            118.0           1291.0
   918      0.8527           0.1473           3633.0            106.0           1261.0
   919      0.8516           0.1484           3617.0            101.0           1282.0
   920      0.8515           0.1485           3633.0            118.0           1249.0
   921      0.8502           0.1498           3611.0            109.0           1280.0
   922      0.8488           0.1512           3619.0            131.0           1250.0
   923      0.8571           0.1429           3683.0            112.0           1205.0
   924      0.8585           0.1415           3676.0             91.0           1233.0
   925      0.8481           0.1519           3595.0            114.0           1291.0
   926      0.8508           0.1492           3616.0            108.0           1276.0
   927      0.8504           0.1496           3618.0            114.0           1268.0
   928      0.8503           0.1497           3624.0            121.0           1255.0
   929      0.8534           0.1466           3647.0            113.0           1240.0
   930      0.8561           0.1439           3668.0            107.0           1225.0
   931      0.8593           0.1407           3676.0             83.0           1241.0
   932      0.8635           0.1365           3730.0             95.0           1175.0
   933      0.8635           0.1365           3717.0             82.0           1201.0
   934      0.8605           0.1395           3688.0             83.0           1229.0
   935      0.8655           0.1345           3737.0             82.0           1181.0
   936      0.8680           0.1320           3768.0             88.0           1144.0
   937      0.8770           0.1230           3858.0             88.0           1054.0
   938      0.8871           0.1129           3932.0             61.0           1007.0
   939      0.8918           0.1082           3980.0             62.0            958.0
   940      0.8894           0.1106           3946.0             52.0           1002.0
   941      0.8817           0.1183           3885.0             68.0           1047.0
   942      0.8822           0.1178           3890.0             68.0           1042.0
   943      0.8806           0.1194           3880.0             74.0           1046.0
   944      0.8827           0.1173           3902.0             75.0           1023.0
   945      0.8849           0.1151           3929.0             80.0            991.0
   946      0.8860           0.1140           3928.0             68.0           1004.0
   947      0.8890           0.1110           3964.0             74.0            962.0
   948      0.8902           0.1098           3961.0             59.0            980.0
   949      0.8923           0.1077           3979.0             56.0            965.0
   950      0.8904           0.1096           3967.0             63.0            970.0
   951      0.8951           0.1049           4004.0             53.0            943.0
   952      0.8955           0.1045           4006.0             51.0            943.0
   953      0.8938           0.1062           3991.0             53.0            956.0
   954      0.8912           0.1088           3972.0             60.0            968.0
   955      0.8907           0.1093           3966.0             59.0            975.0
   956      0.8903           0.1097           3953.0             50.0            997.0
   957      0.8887           0.1113           3957.0             70.0            973.0
   958      0.8911           0.1089           3967.0             56.0            977.0
   959      0.8921           0.1079           3971.0             50.0            979.0
   960      0.8949           0.1051           4001.0             52.0            947.0
   961      0.8919           0.1081           3976.0             57.0            967.0
   962      0.8930           0.1070           3984.0             54.0            962.0
   963      0.8975           0.1025           4035.0             60.0            905.0
   964      0.8971           0.1029           4018.0             47.0            935.0
   965      0.9025           0.0975           4063.0             38.0            899.0
   966      0.9000           0.1000           4030.0             30.0            940.0
   967      0.8957           0.1043           4026.0             69.0            905.0
   968      0.8996           0.1004           4047.0             51.0            902.0
   969      0.8967           0.1033           4016.0             49.0            935.0
   970      0.8979           0.1021           4036.0             57.0            907.0
   971      0.8989           0.1011           4045.0             56.0            899.0
   972      0.9019           0.0981           4057.0             38.0            905.0
   973      0.9004           0.0996           4054.0             50.0            896.0
   974      0.9000           0.1000           4053.0             53.0            894.0
   975      0.8953           0.1047           4010.0             57.0            933.0
   976      0.8978           0.1022           4049.0             71.0            880.0
   977      0.8960           0.1040           4003.0             43.0            954.0
   978      0.8949           0.1051           4008.0             59.0            933.0
   979      0.8997           0.1003           4051.0             54.0            895.0
   980      0.9038           0.0962           4078.0             40.0            882.0
   981      0.9095           0.0905           4139.0             44.0            817.0
   982      0.9079           0.0921           4130.0             51.0            819.0
   983      0.9112           0.0888           4149.0             37.0            814.0
   984      0.9087           0.0913           4130.0             43.0            827.0
   985      0.9117           0.0883           4155.0             38.0            807.0
   986      0.9130           0.0870           4157.0             27.0            816.0
   987      0.9138           0.0862           4167.0             29.0            804.0
   988      0.9159           0.0841           4201.0             42.0            757.0
   989      0.9158           0.0842           4191.0             33.0            776.0
   990      0.9127           0.0873           4164.0             37.0            799.0
   991      0.9114           0.0886           4157.0             43.0            800.0
   992      0.9059           0.0941           4101.0             42.0            857.0
   993      0.9051           0.0949           4095.0             44.0            861.0
   994      0.9049           0.0951           4093.0             44.0            863.0
   995      0.9064           0.0936           4116.0             52.0            832.0
   996      0.9053           0.0947           4099.0             46.0            855.0
   997      0.9066           0.0934           4109.0             43.0            848.0
   998      0.9081           0.0919           4129.0             48.0            823.0
   999      0.9106           0.0894           4156.0             50.0            794.0
Equilibrium is 100