     t           p           q          AA          aa          Aa
     0      0.5011           0.4989           2503.0           2481.0           5016.0
     1      0.4987           0.5014           2478.0           2505.0           5017.0
     2      0.4958           0.5043           2472.0           2557.0           4971.0
     3      0.4976           0.5024           2491.0           2539.0           4970.0
     4      0.4966           0.5034           2511.0           2579.0           4910.0
     5      0.4987           0.5014           2490.0           2517.0           4993.0
     6      0.5029           0.4972           2553.0           2496.0           4951.0
     7      0.5037           0.4963           2542.0           2468.0           4990.0
     8      0.5001           0.5000           2499.0           2498.0           5003.0
     9      0.5001           0.5000           2491.0           2490.0           5019.0
    10      0.5047           0.4953           2558.0           2464.0           4978.0
    11      0.5032           0.4969           2546.0           2483.0           4971.0
    12      0.5026           0.4975           2552.0           2501.0           4947.0
    13      0.4996           0.5005           2539.0           2548.0           4913.0
    14      0.4982           0.5018           2469.0           2505.0           5026.0
    15      0.5026           0.4975           2533.0           2482.0           4985.0
    16      0.5046           0.4954           2543.0           2451.0           5006.0
    17      0.5075           0.4925           2534.0           2384.0           5082.0
    18      0.5050           0.4950           2562.0           2462.0           4976.0
    19      0.5053           0.4948           2517.0           2412.0           5071.0
    20      0.5109           0.4891           2594.0           2376.0           5030.0
    21      0.5128           0.4873           2654.0           2399.0           4947.0
    22      0.5095           0.4905           2609.0           2419.0           4972.0
    23      0.5168           0.4833           2684.0           2349.0           4967.0
    24      0.5199           0.4802           2666.0           2269.0           5065.0
    25      0.5172           0.4828           2700.0           2356.0           4944.0
    26      0.5127           0.4873           2664.0           2410.0           4926.0
    27      0.5140           0.4861           2624.0           2345.0           5031.0
    28      0.5101           0.4899           2579.0           2377.0           5044.0
    29      0.5154           0.4847           2645.0           2338.0           5017.0
    30      0.5082           0.4918           2611.0           2447.0           4942.0
    31      0.5040           0.4960           2535.0           2455.0           5010.0
    32      0.5091           0.4910           2606.0           2425.0           4969.0
    33      0.5162           0.4839           2667.0           2344.0           4989.0
    34      0.5162           0.4838           2671.0           2347.0           4982.0
    35      0.5160           0.4840           2627.0           2307.0           5066.0
    36      0.5147           0.4853           2646.0           2352.0           5002.0
    37      0.5194           0.4807           2707.0           2320.0           4973.0
    38      0.5227           0.4773           2719.0           2265.0           5016.0
    39      0.5238           0.4762           2759.0           2283.0           4958.0
    40      0.5211           0.4789           2708.0           2286.0           5006.0
    41      0.5209           0.4792           2703.0           2286.0           5011.0
    42      0.5202           0.4799           2723.0           2320.0           4957.0
    43      0.5187           0.4813           2713.0           2339.0           4948.0
    44      0.5223           0.4777           2680.0           2234.0           5086.0
    45      0.5207           0.4794           2761.0           2348.0           4891.0
    46      0.5146           0.4855           2641.0           2350.0           5009.0
    47      0.5142           0.4858           2662.0           2378.0           4960.0
    48      0.5130           0.4870           2606.0           2346.0           5048.0
    49      0.5159           0.4842           2649.0           2332.0           5019.0
    50      0.5135           0.4865           2637.0           2367.0           4996.0
    51      0.5158           0.4842           2647.0           2331.0           5022.0
    52      0.5094           0.4907           2638.0           2451.0           4911.0
    53      0.5096           0.4904           2589.0           2397.0           5014.0
    54      0.5114           0.4887           2606.0           2379.0           5015.0
    55      0.5112           0.4888           2631.0           2407.0           4962.0
    56      0.5117           0.4883           2602.0           2368.0           5030.0
    57      0.5139           0.4861           2651.0           2373.0           4976.0
    58      0.5139           0.4862           2620.0           2343.0           5037.0
    59      0.5114           0.4887           2639.0           2412.0           4949.0
    60      0.5152           0.4849           2629.0           2326.0           5045.0
    61      0.5111           0.4889           2587.0           2365.0           5048.0
    62      0.5097           0.4904           2605.0           2412.0           4983.0
    63      0.5147           0.4854           2674.0           2381.0           4945.0
    64      0.5166           0.4834           2690.0           2358.0           4952.0
    65      0.5135           0.4865           2659.0           2389.0           4952.0
    66      0.5129           0.4871           2634.0           2376.0           4990.0
    67      0.5139           0.4862           2629.0           2352.0           5019.0
    68      0.5162           0.4838           2710.0           2386.0           4904.0
    69      0.5123           0.4877           2653.0           2407.0           4940.0
    70      0.5126           0.4875           2612.0           2361.0           5027.0
    71      0.5116           0.4885           2625.0           2394.0           4981.0
    72      0.5160           0.4840           2693.0           2373.0           4934.0
    73      0.5170           0.4831           2629.0           2290.0           5081.0
    74      0.5210           0.4790           2698.0           2278.0           5024.0
    75      0.5193           0.4808           2715.0           2330.0           4955.0
    76      0.5169           0.4831           2691.0           2353.0           4956.0
    77      0.5147           0.4854           2640.0           2347.0           5013.0
    78      0.5045           0.4955           2536.0           2446.0           5018.0
    79      0.5082           0.4918           2545.0           2381.0           5074.0
    80      0.5117           0.4883           2668.0           2434.0           4898.0
    81      0.5043           0.4957           2536.0           2450.0           5014.0
    82      0.5051           0.4949           2531.0           2429.0           5040.0
    83      0.5013           0.4988           2523.0           2498.0           4979.0
    84      0.4965           0.5036           2469.0           2540.0           4991.0
    85      0.4952           0.5048           2485.0           2581.0           4934.0
    86      0.4976           0.5024           2493.0           2541.0           4966.0
    87      0.4913           0.5088           2434.0           2609.0           4957.0
    88      0.4934           0.5066           2403.0           2535.0           5062.0
    89      0.4928           0.5073           2420.0           2565.0           5015.0
    90      0.4866           0.5134           2375.0           2643.0           4982.0
    91      0.4887           0.5114           2405.0           2632.0           4963.0
    92      0.4876           0.5124           2394.0           2642.0           4964.0
    93      0.4893           0.5107           2403.0           2617.0           4980.0
    94      0.4913           0.5087           2441.0           2615.0           4944.0
    95      0.4883           0.5118           2393.0           2628.0           4979.0
    96      0.4888           0.5113           2386.0           2611.0           5003.0
    97      0.4891           0.5110           2415.0           2634.0           4951.0
    98      0.4884           0.5116           2412.0           2644.0           4944.0
    99      0.4916           0.5085           2382.0           2551.0           5067.0
   100      0.4853           0.5147           2359.0           2653.0           4988.0
   101      0.4839           0.5162           2358.0           2681.0           4961.0
   102      0.4847           0.5154           2347.0           2654.0           4999.0
   103      0.4838           0.5162           2343.0           2667.0           4990.0
   104      0.4774           0.5227           2291.0           2744.0           4965.0
   105      0.4807           0.5194           2269.0           2656.0           5075.0
   106      0.4752           0.5248           2210.0           2706.0           5084.0
   107      0.4722           0.5278           2240.0           2796.0           4964.0
   108      0.4698           0.5302           2251.0           2855.0           4894.0
   109      0.4761           0.5239           2288.0           2766.0           4946.0
   110      0.4770           0.5230           2254.0           2714.0           5032.0
   111      0.4748           0.5253           2305.0           2810.0           4885.0
   112      0.4823           0.5178           2303.0           2658.0           5039.0
   113      0.4826           0.5174           2283.0           2631.0           5086.0
   114      0.4903           0.5097           2417.0           2611.0           4972.0
   115      0.4848           0.5152           2345.0           2649.0           5006.0
   116      0.4839           0.5161           2359.0           2681.0           4960.0
   117      0.4876           0.5124           2382.0           2630.0           4988.0
   118      0.4861           0.5140           2320.0           2599.0           5081.0
   119      0.4859           0.5142           2385.0           2668.0           4947.0
   120      0.4724           0.5277           2185.0           2738.0           5077.0
   121      0.4762           0.5239           2306.0           2783.0           4911.0
   122      0.4755           0.5246           2279.0           2770.0           4951.0
   123      0.4833           0.5168           2329.0           2664.0           5007.0
   124      0.4800           0.5200           2283.0           2683.0           5034.0
   125      0.4777           0.5224           2264.0           2711.0           5025.0
   126      0.4881           0.5120           2377.0           2616.0           5007.0
   127      0.4960           0.5040           2467.0           2547.0           4986.0
   128      0.4973           0.5028           2477.0           2532.0           4991.0
   129      0.4964           0.5037           2477.0           2550.0           4973.0
   130      0.4971           0.5029           2474.0           2532.0           4994.0
   131      0.4938           0.5063           2429.0           2554.0           5017.0
   132      0.4947           0.5053           2480.0           2586.0           4934.0
   133      0.4895           0.5106           2334.0           2545.0           5121.0
   134      0.4823           0.5177           2332.0           2686.0           4982.0
   135      0.4771           0.5230           2254.0           2713.0           5033.0
   136      0.4770           0.5231           2288.0           2749.0           4963.0
   137      0.4747           0.5253           2264.0           2770.0           4966.0
   138      0.4768           0.5232           2275.0           2739.0           4986.0
   139      0.4784           0.5217           2300.0           2733.0           4967.0
   140      0.4802           0.5198           2304.0           2700.0           4996.0
   141      0.4823           0.5178           2289.0           2644.0           5067.0
   142      0.4863           0.5137           2354.0           2628.0           5018.0
   143      0.4854           0.5146           2385.0           2677.0           4938.0
   144      0.4879           0.5122           2372.0           2615.0           5013.0
   145      0.4865           0.5135           2363.0           2633.0           5004.0
   146      0.4844           0.5157           2366.0           2679.0           4955.0
   147      0.4850           0.5151           2371.0           2672.0           4957.0
   148      0.4909           0.5092           2402.0           2585.0           5013.0
   149      0.4956           0.5044           2423.0           2511.0           5066.0
   150      0.4980           0.5021           2493.0           2534.0           4973.0
   151      0.5025           0.4975           2535.0           2485.0           4980.0
   152      0.5063           0.4938           2553.0           2428.0           5019.0
   153      0.4994           0.5006           2498.0           2510.0           4992.0
   154      0.5007           0.4994           2503.0           2490.0           5007.0
   155      0.5008           0.4993           2514.0           2499.0           4987.0
   156      0.5022           0.4979           2524.0           2481.0           4995.0
   157      0.5013           0.4987           2468.0           2442.0           5090.0
   158      0.4992           0.5008           2515.0           2531.0           4954.0
   159      0.5028           0.4972           2522.0           2466.0           5012.0
   160      0.5024           0.4976           2507.0           2459.0           5034.0
   161      0.5025           0.4975           2495.0           2445.0           5060.0
   162      0.4984           0.5016           2477.0           2509.0           5014.0
   163      0.4971           0.5029           2476.0           2534.0           4990.0
   164      0.4948           0.5053           2430.0           2535.0           5035.0
   165      0.4897           0.5103           2392.0           2598.0           5010.0
   166      0.4898           0.5102           2377.0           2581.0           5042.0
   167      0.4941           0.5059           2400.0           2518.0           5082.0
   168      0.4968           0.5033           2458.0           2523.0           5019.0
   169      0.4941           0.5059           2397.0           2515.0           5088.0
   170      0.4889           0.5112           2383.0           2606.0           5011.0
   171      0.4871           0.5129           2382.0           2640.0           4978.0
   172      0.4882           0.5119           2408.0           2645.0           4947.0
   173      0.4848           0.5152           2335.0           2639.0           5026.0
   174      0.4883           0.5118           2405.0           2640.0           4955.0
   175      0.4878           0.5123           2356.0           2601.0           5043.0
   176      0.4946           0.5055           2481.0           2590.0           4929.0
   177      0.4897           0.5103           2387.0           2593.0           5020.0
   178      0.4948           0.5053           2446.0           2551.0           5003.0
   179      0.4922           0.5079           2382.0           2539.0           5079.0
   180      0.4941           0.5060           2401.0           2520.0           5079.0
   181      0.4913           0.5087           2416.0           2590.0           4994.0
   182      0.4930           0.5071           2438.0           2579.0           4983.0
   183      0.4892           0.5108           2354.0           2570.0           5076.0
   184      0.4938           0.5063           2443.0           2568.0           4989.0
   185      0.4969           0.5032           2453.0           2516.0           5031.0
   186      0.4979           0.5021           2475.0           2517.0           5008.0
   187      0.4996           0.5005           2446.0           2455.0           5099.0
   188      0.5061           0.4939           2575.0           2453.0           4972.0
   189      0.5114           0.4887           2652.0           2425.0           4923.0
   190      0.5097           0.4903           2584.0           2390.0           5026.0
   191      0.5077           0.4923           2549.0           2395.0           5056.0
   192      0.5126           0.4874           2621.0           2369.0           5010.0
   193      0.5096           0.4905           2607.0           2416.0           4977.0
   194      0.5106           0.4894           2590.0           2378.0           5032.0
   195      0.5161           0.4840           2640.0           2319.0           5041.0
   196      0.5138           0.4862           2607.0           2331.0           5062.0
   197      0.5152           0.4849           2656.0           2353.0           4991.0
   198      0.5162           0.4838           2658.0           2334.0           5008.0
   199      0.5195           0.4805           2682.0           2292.0           5026.0
   200      0.5151           0.4850           2600.0           2299.0           5101.0
   201      0.5182           0.4819           2658.0           2295.0           5047.0
   202      0.5161           0.4839           2699.0           2377.0           4924.0
   203      0.5179           0.4822           2671.0           2314.0           5015.0
   204      0.5159           0.4842           2698.0           2381.0           4921.0
   205      0.5177           0.4823           2697.0           2343.0           4960.0
   206      0.5236           0.4764           2697.0           2225.0           5078.0
   207      0.5224           0.4776           2724.0           2276.0           5000.0
   208      0.5229           0.4771           2715.0           2257.0           5028.0
   209      0.5217           0.4783           2735.0           2301.0           4964.0
   210      0.5214           0.4787           2761.0           2334.0           4905.0
   211      0.5241           0.4759           2759.0           2277.0           4964.0
   212      0.5334           0.4666           2820.0           2152.0           5028.0
   213      0.5272           0.4729           2781.0           2238.0           4981.0
   214      0.5280           0.4720           2786.0           2226.0           4988.0
   215      0.5306           0.4694           2813.0           2201.0           4986.0
   216      0.5319           0.4681           2851.0           2213.0           4936.0
   217      0.5292           0.4708           2775.0           2191.0           5034.0
   218      0.5315           0.4686           2848.0           2219.0           4933.0
   219      0.5333           0.4668           2817.0           2152.0           5031.0
   220      0.5319           0.4682           2856.0           2219.0           4925.0
   221      0.5329           0.4671           2851.0           2193.0           4956.0
   222      0.5328           0.4672           2854.0           2198.0           4948.0
   223      0.5350           0.4651           2856.0           2157.0           4987.0
   224      0.5371           0.4629           2913.0           2171.0           4916.0
   225      0.5334           0.4667           2841.0           2174.0           4985.0
   226      0.5255           0.4745           2778.0           2268.0           4954.0
   227      0.5296           0.4704           2821.0           2229.0           4950.0
   228      0.5348           0.4653           2863.0           2168.0           4969.0
   229      0.5251           0.4750           2799.0           2298.0           4903.0
   230      0.5261           0.4739           2732.0           2210.0           5058.0
   231      0.5236           0.4764           2742.0           2270.0           4988.0
   232      0.5236           0.4764           2756.0           2284.0           4960.0
   233      0.5279           0.4721           2835.0           2277.0           4888.0
   234      0.5218           0.4783           2718.0           2283.0           4999.0
   235      0.5177           0.4823           2635.0           2281.0           5084.0
   236      0.5183           0.4818           2679.0           2314.0           5007.0
   237      0.5126           0.4874           2636.0           2384.0           4980.0
   238      0.5089           0.4911           2587.0           2409.0           5004.0
   239      0.5098           0.4903           2556.0           2361.0           5083.0
   240      0.5115           0.4885           2619.0           2389.0           4992.0
   241      0.5153           0.4848           2652.0           2347.0           5001.0
   242      0.5125           0.4876           2639.0           2390.0           4971.0
   243      0.5139           0.4861           2646.0           2368.0           4986.0
   244      0.5164           0.4836           2699.0           2371.0           4930.0
   245      0.5168           0.4832           2654.0           2318.0           5028.0
   246      0.5128           0.4873           2656.0           2401.0           4943.0
   247      0.5077           0.4923           2565.0           2411.0           5024.0
   248      0.5120           0.4880           2640.0           2400.0           4960.0
   249      0.5129           0.4872           2647.0           2390.0           4963.0
   250      0.5046           0.4955           2535.0           2444.0           5021.0
   251      0.5034           0.4966           2519.0           2451.0           5030.0
   252      0.4982           0.5018           2450.0           2486.0           5064.0
   253      0.5004           0.4996           2503.0           2495.0           5002.0
   254      0.5038           0.4963           2548.0           2473.0           4979.0
   255      0.5030           0.4971           2520.0           2461.0           5019.0
   256      0.5054           0.4947           2529.0           2422.0           5049.0
   257      0.5079           0.4921           2587.0           2429.0           4984.0
   258      0.5101           0.4899           2601.0           2399.0           5000.0
   259      0.5160           0.4840           2673.0           2353.0           4974.0
   260      0.5170           0.4831           2682.0           2343.0           4975.0
   261      0.5159           0.4841           2684.0           2366.0           4950.0
   262      0.5125           0.4875           2635.0           2385.0           4980.0
   263      0.5102           0.4898           2600.0           2396.0           5004.0
   264      0.5159           0.4842           2714.0           2397.0           4889.0
   265      0.5101           0.4899           2639.0           2437.0           4924.0
   266      0.5113           0.4887           2669.0           2443.0           4888.0
   267      0.5058           0.4942           2553.0           2437.0           5010.0
   268      0.5098           0.4902           2610.0           2414.0           4976.0
   269      0.5116           0.4884           2614.0           2382.0           5004.0
   270      0.5161           0.4840           2676.0           2355.0           4969.0
   271      0.5143           0.4857           2621.0           2335.0           5044.0
   272      0.5164           0.4837           2673.0           2346.0           4981.0
   273      0.5246           0.4754           2749.0           2257.0           4994.0
   274      0.5257           0.4744           2771.0           2258.0           4971.0
   275      0.5270           0.4730           2759.0           2219.0           5022.0
   276      0.5319           0.4681           2788.0           2150.0           5062.0
   277      0.5295           0.4705           2830.0           2240.0           4930.0
   278      0.5328           0.4673           2813.0           2158.0           5029.0
   279      0.5372           0.4629           2878.0           2135.0           4987.0
   280      0.5340           0.4660           2796.0           2116.0           5088.0
   281      0.5363           0.4638           2900.0           2175.0           4925.0
   282      0.5390           0.4611           2918.0           2139.0           4943.0
   283      0.5383           0.4617           2870.0           2104.0           5026.0
   284      0.5406           0.4594           2925.0           2113.0           4962.0
   285      0.5422           0.4579           2958.0           2115.0           4927.0
   286      0.5508           0.4492           3007.0           1991.0           5002.0
   287      0.5466           0.4535           2945.0           2014.0           5041.0
   288      0.5456           0.4545           2966.0           2055.0           4979.0
   289      0.5477           0.4524           3005.0           2052.0           4943.0
   290      0.5448           0.4552           2978.0           2082.0           4940.0
   291      0.5446           0.4554           2949.0           2057.0           4994.0
   292      0.5448           0.4553           2957.0           2062.0           4981.0
   293      0.5420           0.4581           2915.0           2076.0           5009.0
   294      0.5399           0.4601           2901.0           2103.0           4996.0
   295      0.5446           0.4555           2938.0           2047.0           5015.0
   296      0.5457           0.4543           2977.0           2063.0           4960.0
   297      0.5425           0.4575           2979.0           2129.0           4892.0
   298      0.5408           0.4592           2998.0           2182.0           4820.0
   299      0.5393           0.4608           2875.0           2090.0           5035.0
   300      0.5422           0.4579           2902.0           2059.0           5039.0
   301      0.5397           0.4603           2962.0           2168.0           4870.0
   302      0.5394           0.4607           2908.0           2121.0           4971.0
   303      0.5361           0.4639           2874.0           2152.0           4974.0
   304      0.5292           0.4709           2778.0           2195.0           5027.0
   305      0.5218           0.4783           2720.0           2285.0           4995.0
   306      0.5222           0.4778           2690.0           2246.0           5064.0
   307      0.5252           0.4749           2778.0           2275.0           4947.0
   308      0.5218           0.4782           2690.0           2254.0           5056.0
   309      0.5183           0.4818           2727.0           2362.0           4911.0
   310      0.5212           0.4789           2714.0           2291.0           4995.0
   311      0.5289           0.4712           2819.0           2242.0           4939.0
   312      0.5316           0.4685           2826.0           2195.0           4979.0
   313      0.5352           0.4649           2830.0           2127.0           5043.0
   314      0.5401           0.4600           2939.0           2138.0           4923.0
   315      0.5382           0.4619           2879.0           2116.0           5005.0
   316      0.5397           0.4603           2897.0           2103.0           5000.0
   317      0.5403           0.4597           2937.0           2131.0           4932.0
   318      0.5470           0.4530           2934.0           1994.0           5072.0
   319      0.5479           0.4522           2996.0           2039.0           4965.0
   320      0.5480           0.4520           2969.0           2009.0           5022.0
   321      0.5472           0.4529           3001.0           2058.0           4941.0
   322      0.5505           0.4496           3060.0           2051.0           4889.0
   323      0.5435           0.4565           2920.0           2050.0           5030.0
   324      0.5426           0.4575           2975.0           2124.0           4901.0
   325      0.5431           0.4570           2899.0           2038.0           5063.0
   326      0.5431           0.4570           2939.0           2078.0           4983.0
   327      0.5468           0.4532           2969.0           2033.0           4998.0
   328      0.5522           0.4479           3056.0           2013.0           4931.0
   329      0.5566           0.4435           3077.0           1946.0           4977.0
   330      0.5554           0.4446           3045.0           1937.0           5018.0
   331      0.5583           0.4417           3056.0           1890.0           5054.0
   332      0.5549           0.4451           3074.0           1976.0           4950.0
   333      0.5545           0.4455           3035.0           1945.0           5020.0
   334      0.5508           0.4492           3021.0           2005.0           4974.0
   335      0.5529           0.4472           3050.0           1993.0           4957.0
   336      0.5523           0.4477           3076.0           2030.0           4894.0
   337      0.5571           0.4429           3112.0           1970.0           4918.0
   338      0.5563           0.4438           3087.0           1962.0           4951.0
   339      0.5526           0.4475           3031.0           1980.0           4989.0
   340      0.5531           0.4470           3023.0           1962.0           5015.0
   341      0.5464           0.4536           2958.0           2030.0           5012.0
   342      0.5490           0.4510           2992.0           2012.0           4996.0
   343      0.5493           0.4507           3029.0           2043.0           4928.0
   344      0.5509           0.4492           3030.0           2013.0           4957.0
   345      0.5552           0.4448           3026.0           1922.0           5052.0
   346      0.5488           0.4512           3020.0           2044.0           4936.0
   347      0.5438           0.4562           2963.0           2087.0           4950.0
   348      0.5472           0.4528           2996.0           2052.0           4952.0
   349      0.5482           0.4519           3012.0           2049.0           4939.0
   350      0.5538           0.4462           3103.0           2027.0           4870.0
   351      0.5570           0.4431           3073.0           1934.0           4993.0
   352      0.5608           0.4392           3158.0           1942.0           4900.0
   353      0.5625           0.4376           3165.0           1916.0           4919.0
   354      0.5617           0.4384           3158.0           1925.0           4917.0
   355      0.5605           0.4396           3140.0           1931.0           4929.0
   356      0.5667           0.4334           3231.0           1898.0           4871.0
   357      0.5601           0.4400           3114.0           1913.0           4973.0
   358      0.5577           0.4424           3108.0           1955.0           4937.0
   359      0.5610           0.4390           3134.0           1914.0           4952.0
   360      0.5696           0.4304           3245.0           1853.0           4902.0
   361      0.5689           0.4312           3260.0           1883.0           4857.0
   362      0.5690           0.4310           3211.0           1831.0           4958.0
   363      0.5607           0.4393           3098.0           1884.0           5018.0
   364      0.5669           0.4332           3233.0           1896.0           4871.0
   365      0.5680           0.4321           3226.0           1867.0           4907.0
   366      0.5679           0.4322           3249.0           1892.0           4859.0
   367      0.5696           0.4304           3270.0           1878.0           4852.0
   368      0.5643           0.4358           3211.0           1926.0           4863.0
   369      0.5643           0.4358           3143.0           1858.0           4999.0
   370      0.5624           0.4377           3153.0           1906.0           4941.0
   371      0.5609           0.4391           3177.0           1959.0           4864.0
   372      0.5626           0.4375           3144.0           1893.0           4963.0
   373      0.5590           0.4411           3106.0           1927.0           4967.0
   374      0.5575           0.4426           3127.0           1978.0           4895.0
   375      0.5609           0.4392           3152.0           1935.0           4913.0
   376      0.5587           0.4414           3143.0           1970.0           4887.0
   377      0.5610           0.4391           3136.0           1917.0           4947.0
   378      0.5633           0.4368           3169.0           1904.0           4927.0
   379      0.5644           0.4356           3177.0           1889.0           4934.0
   380      0.5656           0.4344           3192.0           1880.0           4928.0
   381      0.5686           0.4314           3230.0           1858.0           4912.0
   382      0.5690           0.4310           3244.0           1864.0           4892.0
   383      0.5704           0.4296           3258.0           1850.0           4892.0
   384      0.5713           0.4288           3304.0           1879.0           4817.0
   385      0.5732           0.4268           3279.0           1815.0           4906.0
   386      0.5703           0.4298           3293.0           1888.0           4819.0
   387      0.5721           0.4280           3275.0           1834.0           4891.0
   388      0.5659           0.4342           3216.0           1899.0           4885.0
   389      0.5621           0.4380           3136.0           1895.0           4969.0
   390      0.5620           0.4380           3149.0           1909.0           4942.0
   391      0.5570           0.4431           3092.0           1953.0           4955.0
   392      0.5610           0.4391           3159.0           1940.0           4901.0
   393      0.5644           0.4356           3206.0           1918.0           4876.0
   394      0.5625           0.4375           3174.0           1924.0           4902.0
   395      0.5650           0.4350           3182.0           1882.0           4936.0
   396      0.5630           0.4371           3191.0           1932.0           4877.0
   397      0.5627           0.4374           3140.0           1887.0           4973.0
   398      0.5676           0.4325           3239.0           1888.0           4873.0
   399      0.5706           0.4295           3254.0           1843.0           4903.0
   400      0.5708           0.4292           3278.0           1862.0           4860.0
   401      0.5637           0.4364           3150.0           1877.0           4973.0
   402      0.5607           0.4393           3086.0           1872.0           5042.0
   403      0.5589           0.4411           3130.0           1952.0           4918.0
   404      0.5572           0.4429           3111.0           1968.0           4921.0
   405      0.5600           0.4400           3145.0           1945.0           4910.0
   406      0.5609           0.4392           3163.0           1946.0           4891.0
   407      0.5653           0.4347           3186.0           1880.0           4934.0
   408      0.5657           0.4343           3181.0           1867.0           4952.0
   409      0.5677           0.4324           3202.0           1849.0           4949.0
   410      0.5767           0.4234           3296.0           1763.0           4941.0
   411      0.5747           0.4254           3294.0           1801.0           4905.0
   412      0.5759           0.4242           3319.0           1802.0           4879.0
   413      0.5761           0.4240           3311.0           1790.0           4899.0
   414      0.5759           0.4241           3325.0           1807.0           4868.0
   415      0.5769           0.4231           3343.0           1805.0           4852.0
   416      0.5749           0.4251           3308.0           1810.0           4882.0
   417      0.5703           0.4297           3221.0           1815.0           4964.0
   418      0.5731           0.4269           3283.0           1821.0           4896.0
   419      0.5722           0.4279           3274.0           1831.0           4895.0
   420      0.5786           0.4215           3353.0           1782.0           4865.0
   421      0.5821           0.4179           3367.0           1725.0           4908.0
   422      0.5756           0.4245           3274.0           1763.0           4963.0
   423      0.5754           0.4247           3333.0           1826.0           4841.0
   424      0.5723           0.4278           3303.0           1858.0           4839.0
   425      0.5767           0.4233           3343.0           1809.0           4848.0
   426      0.5786           0.4214           3352.0           1780.0           4868.0
   427      0.5768           0.4233           3338.0           1803.0           4859.0
   428      0.5747           0.4253           3288.0           1794.0           4918.0
   429      0.5708           0.4293           3265.0           1850.0           4885.0
   430      0.5762           0.4238           3286.0           1762.0           4952.0
   431      0.5843           0.4158           3397.0           1712.0           4891.0
   432      0.5805           0.4196           3377.0           1768.0           4855.0
   433      0.5768           0.4232           3345.0           1809.0           4846.0
   434      0.5777           0.4224           3366.0           1813.0           4821.0
   435      0.5758           0.4243           3322.0           1807.0           4871.0
   436      0.5740           0.4261           3299.0           1820.0           4881.0
   437      0.5745           0.4256           3248.0           1759.0           4993.0
   438      0.5807           0.4194           3388.0           1775.0           4837.0
   439      0.5815           0.4185           3413.0           1783.0           4804.0
   440      0.5781           0.4219           3347.0           1785.0           4868.0
   441      0.5803           0.4198           3381.0           1776.0           4843.0
   442      0.5820           0.4180           3425.0           1785.0           4790.0
   443      0.5808           0.4193           3389.0           1774.0           4837.0
   444      0.5851           0.4150           3385.0           1684.0           4931.0
   445      0.5888           0.4113           3469.0           1694.0           4837.0
   446      0.5877           0.4123           3449.0           1695.0           4856.0
   447      0.5904           0.4096           3515.0           1707.0           4778.0
   448      0.5910           0.4091           3504.0           1685.0           4811.0
   449      0.5992           0.4008           3598.0           1614.0           4788.0
   450      0.5981           0.4020           3604.0           1643.0           4753.0
   451      0.5959           0.4041           3547.0           1629.0           4824.0
   452      0.5909           0.4092           3494.0           1677.0           4829.0
   453      0.5903           0.4098           3464.0           1659.0           4877.0
   454      0.5904           0.4096           3456.0           1648.0           4896.0
   455      0.5822           0.4179           3372.0           1729.0           4899.0
   456      0.5801           0.4199           3353.0           1751.0           4896.0
   457      0.5868           0.4133           3468.0           1733.0           4799.0
   458      0.5843           0.4157           3475.0           1789.0           4736.0
   459      0.5843           0.4158           3397.0           1712.0           4891.0
   460      0.5824           0.4176           3389.0           1741.0           4870.0
   461      0.5792           0.4209           3329.0           1746.0           4925.0
   462      0.5767           0.4233           3345.0           1811.0           4844.0
   463      0.5751           0.4250           3359.0           1858.0           4783.0
   464      0.5757           0.4243           3314.0           1800.0           4886.0
   465      0.5733           0.4267           3323.0           1857.0           4820.0
   466      0.5687           0.4313           3209.0           1835.0           4956.0
   467      0.5700           0.4301           3210.0           1811.0           4979.0
   468      0.5660           0.4340           3197.0           1877.0           4926.0
   469      0.5687           0.4313           3223.0           1849.0           4928.0
   470      0.5780           0.4220           3319.0           1759.0           4922.0
   471      0.5758           0.4242           3334.0           1818.0           4848.0
   472      0.5695           0.4306           3188.0           1799.0           5013.0
   473      0.5698           0.4302           3286.0           1890.0           4824.0
   474      0.5696           0.4305           3290.0           1899.0           4811.0
   475      0.5689           0.4311           3255.0           1877.0           4868.0
   476      0.5706           0.4295           3277.0           1866.0           4857.0
   477      0.5663           0.4337           3194.0           1868.0           4938.0
   478      0.5649           0.4351           3188.0           1890.0           4922.0
   479      0.5618           0.4383           3138.0           1903.0           4959.0
   480      0.5592           0.4409           3145.0           1962.0           4893.0
   481      0.5632           0.4369           3119.0           1856.0           5025.0
   482      0.5587           0.4414           3160.0           1987.0           4853.0
   483      0.5600           0.4401           3098.0           1899.0           5003.0
   484      0.5541           0.4460           3046.0           1965.0           4989.0
   485      0.5484           0.4517           3046.0           2079.0           4875.0
   486      0.5432           0.4568           2923.0           2059.0           5018.0
   487      0.5418           0.4583           2958.0           2123.0           4919.0
   488      0.5377           0.4623           2887.0           2133.0           4980.0
   489      0.5416           0.4585           2940.0           2109.0           4951.0
   490      0.5435           0.4565           2970.0           2100.0           4930.0
   491      0.5388           0.4613           2905.0           2130.0           4965.0
   492      0.5375           0.4626           2905.0           2156.0           4939.0
   493      0.5380           0.4621           2890.0           2131.0           4979.0
   494      0.5388           0.4613           2900.0           2125.0           4975.0
   495      0.5384           0.4617           2924.0           2157.0           4919.0
   496      0.5385           0.4616           2882.0           2113.0           5005.0
   497      0.5340           0.4661           2866.0           2187.0           4947.0
   498      0.5370           0.4631           2856.0           2117.0           5027.0
   499      0.5399           0.4602           2928.0           2131.0           4941.0
   500      0.5388           0.4612           2917.0           2141.0           4942.0
   501      0.5402           0.4598           2924.0           2120.0           4956.0
   502      0.5441           0.4560           2930.0           2049.0           5021.0
   503      0.5401           0.4600           2897.0           2096.0           5007.0
   504      0.5360           0.4640           2837.0           2117.0           5046.0
   505      0.5405           0.4596           2945.0           2136.0           4919.0
   506      0.5376           0.4624           2890.0           2138.0           4972.0
   507      0.5375           0.4625           2905.0           2155.0           4940.0
   508      0.5412           0.4589           2936.0           2113.0           4951.0
   509      0.5376           0.4625           2939.0           2188.0           4873.0
   510      0.5363           0.4638           2876.0           2151.0           4973.0
   511      0.5339           0.4661           2827.0           2149.0           5024.0
   512      0.5359           0.4641           2839.0           2121.0           5040.0
   513      0.5322           0.4678           2832.0           2188.0           4980.0
   514      0.5229           0.4771           2692.0           2234.0           5074.0
   515      0.5222           0.4778           2744.0           2300.0           4956.0
   516      0.5243           0.4758           2796.0           2311.0           4893.0
   517      0.5272           0.4728           2805.0           2261.0           4934.0
   518      0.5278           0.4723           2771.0           2216.0           5013.0
   519      0.5332           0.4668           2775.0           2111.0           5114.0
   520      0.5433           0.4567           2969.0           2103.0           4928.0
   521      0.5454           0.4546           2977.0           2069.0           4954.0
   522      0.5467           0.4533           3007.0           2073.0           4920.0
   523      0.5484           0.4517           3020.0           2053.0           4927.0
   524      0.5487           0.4514           2996.0           2023.0           4981.0
   525      0.5506           0.4494           3051.0           2039.0           4910.0
   526      0.5422           0.4578           2967.0           2123.0           4910.0
   527      0.5469           0.4532           3025.0           2088.0           4887.0
   528      0.5401           0.4599           2885.0           2083.0           5032.0
   529      0.5371           0.4629           2883.0           2141.0           4976.0
   530      0.5399           0.4602           2917.0           2120.0           4963.0
   531      0.5374           0.4626           2907.0           2159.0           4934.0
   532      0.5305           0.4696           2828.0           2219.0           4953.0
   533      0.5295           0.4706           2829.0           2240.0           4931.0
   534      0.5280           0.4721           2794.0           2235.0           4971.0
   535      0.5264           0.4736           2768.0           2240.0           4992.0
   536      0.5325           0.4675           2813.0           2163.0           5024.0
   537      0.5348           0.4652           2812.0           2116.0           5072.0
   538      0.5342           0.4658           2825.0           2141.0           5034.0
   539      0.5311           0.4689           2850.0           2228.0           4922.0
   540      0.5301           0.4700           2849.0           2248.0           4903.0
   541      0.5300           0.4701           2836.0           2237.0           4927.0
   542      0.5242           0.4759           2710.0           2227.0           5063.0
   543      0.5265           0.4735           2696.0           2166.0           5138.0
   544      0.5188           0.4813           2640.0           2265.0           5095.0
   545      0.5213           0.4787           2756.0           2330.0           4914.0
   546      0.5241           0.4760           2771.0           2290.0           4939.0
   547      0.5267           0.4733           2729.0           2195.0           5076.0
   548      0.5295           0.4705           2813.0           2223.0           4964.0
   549      0.5323           0.4677           2845.0           2199.0           4956.0
   550      0.5355           0.4646           2881.0           2172.0           4947.0
   551      0.5301           0.4699           2819.0           2217.0           4964.0
   552      0.5336           0.4664           2878.0           2206.0           4916.0
   553      0.5336           0.4665           2839.0           2168.0           4993.0
   554      0.5331           0.4670           2818.0           2157.0           5025.0
   555      0.5285           0.4716           2789.0           2220.0           4991.0
   556      0.5291           0.4710           2845.0           2264.0           4891.0
   557      0.5271           0.4730           2780.0           2239.0           4981.0
   558      0.5309           0.4691           2865.0           2247.0           4888.0
   559      0.5315           0.4686           2806.0           2177.0           5017.0
   560      0.5314           0.4687           2805.0           2178.0           5017.0
   561      0.5314           0.4686           2831.0           2203.0           4966.0
   562      0.5361           0.4640           2903.0           2182.0           4915.0
   563      0.5375           0.4626           2878.0           2129.0           4993.0
   564      0.5331           0.4670           2841.0           2180.0           4979.0
   565      0.5234           0.4767           2715.0           2248.0           5037.0
   566      0.5233           0.4768           2747.0           2282.0           4971.0
   567      0.5283           0.4718           2798.0           2233.0           4969.0
   568      0.5261           0.4739           2791.0           2269.0           4940.0
   569      0.5289           0.4711           2794.0           2216.0           4990.0
   570      0.5292           0.4708           2833.0           2249.0           4918.0
   571      0.5230           0.4770           2775.0           2315.0           4910.0
   572      0.5232           0.4769           2723.0           2260.0           5017.0
   573      0.5210           0.4790           2738.0           2318.0           4944.0
   574      0.5214           0.4786           2708.0           2280.0           5012.0
   575      0.5216           0.4784           2687.0           2255.0           5058.0
   576      0.5281           0.4720           2792.0           2231.0           4977.0
   577      0.5295           0.4706           2796.0           2207.0           4997.0
   578      0.5248           0.4753           2799.0           2304.0           4897.0
   579      0.5276           0.4725           2738.0           2187.0           5075.0
   580      0.5313           0.4687           2802.0           2176.0           5022.0
   581      0.5364           0.4636           2893.0           2165.0           4942.0
   582      0.5413           0.4588           2939.0           2114.0           4947.0
   583      0.5356           0.4645           2876.0           2165.0           4959.0
   584      0.5319           0.4682           2861.0           2224.0           4915.0
   585      0.5293           0.4707           2818.0           2232.0           4950.0
   586      0.5245           0.4756           2702.0           2213.0           5085.0
   587      0.5240           0.4761           2771.0           2292.0           4937.0
   588      0.5249           0.4752           2742.0           2245.0           5013.0
   589      0.5274           0.4727           2781.0           2234.0           4985.0
   590      0.5258           0.4743           2747.0           2232.0           5021.0
   591      0.5301           0.4700           2815.0           2214.0           4971.0
   592      0.5310           0.4691           2829.0           2210.0           4961.0
   593      0.5280           0.4721           2835.0           2276.0           4889.0
   594      0.5289           0.4711           2764.0           2186.0           5050.0
   595      0.5281           0.4719           2770.0           2208.0           5022.0
   596      0.5233           0.4767           2752.0           2286.0           4962.0
   597      0.5217           0.4783           2721.0           2287.0           4992.0
   598      0.5225           0.4775           2756.0           2306.0           4938.0
   599      0.5270           0.4731           2790.0           2251.0           4959.0
   600      0.5279           0.4721           2827.0           2269.0           4904.0
   601      0.5273           0.4727           2761.0           2215.0           5024.0
   602      0.5291           0.4709           2822.0           2240.0           4938.0
   603      0.5295           0.4705           2808.0           2218.0           4974.0
   604      0.5309           0.4692           2847.0           2230.0           4923.0
   605      0.5309           0.4692           2794.0           2177.0           5029.0
   606      0.5192           0.4809           2678.0           2295.0           5027.0
   607      0.5204           0.4796           2701.0           2293.0           5006.0
   608      0.5146           0.4854           2634.0           2342.0           5024.0
   609      0.5165           0.4835           2639.0           2309.0           5052.0
   610      0.5131           0.4869           2626.0           2364.0           5010.0
   611      0.5079           0.4921           2582.0           2424.0           4994.0
   612      0.5135           0.4866           2655.0           2386.0           4959.0
   613      0.5106           0.4894           2650.0           2438.0           4912.0
   614      0.5082           0.4919           2658.0           2495.0           4847.0
   615      0.5116           0.4884           2644.0           2412.0           4944.0
   616      0.5116           0.4885           2642.0           2411.0           4947.0
   617      0.5051           0.4950           2548.0           2447.0           5005.0
   618      0.5047           0.4954           2561.0           2468.0           4971.0
   619      0.5048           0.4953           2559.0           2464.0           4977.0
   620      0.4994           0.5007           2523.0           2536.0           4941.0
   621      0.4992           0.5009           2508.0           2525.0           4967.0
   622      0.5046           0.4954           2548.0           2456.0           4996.0
   623      0.5004           0.4996           2462.0           2454.0           5084.0
   624      0.5018           0.4982           2529.0           2493.0           4978.0
   625      0.5054           0.4946           2570.0           2462.0           4968.0
   626      0.5101           0.4899           2666.0           2464.0           4870.0
   627      0.5038           0.4963           2554.0           2479.0           4967.0
   628      0.5016           0.4984           2548.0           2516.0           4936.0
   629      0.4988           0.5012           2481.0           2505.0           5014.0
   630      0.5018           0.4983           2503.0           2468.0           5029.0
   631      0.5020           0.4980           2539.0           2499.0           4962.0
   632      0.5065           0.4935           2580.0           2450.0           4970.0
   633      0.5057           0.4944           2576.0           2463.0           4961.0
   634      0.5060           0.4941           2557.0           2438.0           5005.0
   635      0.5044           0.4957           2580.0           2493.0           4927.0
   636      0.5013           0.4987           2530.0           2504.0           4966.0
   637      0.5024           0.4977           2499.0           2452.0           5049.0
   638      0.5047           0.4954           2538.0           2445.0           5017.0
   639      0.5048           0.4952           2564.0           2468.0           4968.0
   640      0.4971           0.5029           2437.0           2495.0           5068.0
   641      0.4960           0.5040           2422.0           2502.0           5076.0
   642      0.4961           0.5040           2427.0           2506.0           5067.0
   643      0.4961           0.5040           2481.0           2560.0           4959.0
   644      0.4958           0.5043           2465.0           2550.0           4985.0
   645      0.4911           0.5089           2424.0           2602.0           4974.0
   646      0.4911           0.5090           2395.0           2574.0           5031.0
   647      0.4965           0.5036           2444.0           2515.0           5041.0
   648      0.5011           0.4989           2518.0           2496.0           4986.0
   649      0.5002           0.4998           2518.0           2514.0           4968.0
   650      0.5043           0.4957           2539.0           2453.0           5008.0
   651      0.5040           0.4960           2578.0           2498.0           4924.0
   652      0.5058           0.4943           2552.0           2437.0           5011.0
   653      0.5058           0.4942           2565.0           2449.0           4986.0
   654      0.5043           0.4958           2551.0           2466.0           4983.0
   655      0.5013           0.4987           2494.0           2468.0           5038.0
   656      0.5033           0.4967           2524.0           2458.0           5018.0
   657      0.5064           0.4936           2587.0           2459.0           4954.0
   658      0.4999           0.5002           2496.0           2499.0           5005.0
   659      0.4931           0.5070           2386.0           2525.0           5089.0
   660      0.4942           0.5058           2437.0           2553.0           5010.0
   661      0.4910           0.5091           2405.0           2586.0           5009.0
   662      0.4866           0.5134           2366.0           2634.0           5000.0
   663      0.4871           0.5129           2373.0           2631.0           4996.0
   664      0.4848           0.5152           2311.0           2615.0           5074.0
   665      0.4850           0.5150           2327.0           2627.0           5046.0
   666      0.4871           0.5129           2384.0           2642.0           4974.0
   667      0.4854           0.5146           2344.0           2636.0           5020.0
   668      0.4903           0.5097           2414.0           2608.0           4978.0
   669      0.4923           0.5077           2420.0           2574.0           5006.0
   670      0.4967           0.5033           2474.0           2540.0           4986.0
   671      0.4966           0.5034           2453.0           2521.0           5026.0
   672      0.4992           0.5009           2450.0           2467.0           5083.0
   673      0.4958           0.5043           2425.0           2510.0           5065.0
   674      0.4961           0.5040           2454.0           2533.0           5013.0
   675      0.4979           0.5022           2530.0           2573.0           4897.0
   676      0.4951           0.5050           2473.0           2572.0           4955.0
   677      0.5020           0.4980           2529.0           2489.0           4982.0
   678      0.4991           0.5010           2512.0           2531.0           4957.0
   679      0.4956           0.5044           2460.0           2548.0           4992.0
   680      0.4916           0.5085           2405.0           2574.0           5021.0
   681      0.4937           0.5064           2424.0           2551.0           5025.0
   682      0.4947           0.5054           2450.0           2557.0           4993.0
   683      0.4940           0.5061           2407.0           2528.0           5065.0
   684      0.4927           0.5074           2419.0           2566.0           5015.0
   685      0.4903           0.5098           2363.0           2558.0           5079.0
   686      0.4755           0.5245           2258.0           2748.0           4994.0
   687      0.4703           0.5297           2197.0           2791.0           5012.0
   688      0.4680           0.5321           2203.0           2844.0           4953.0
   689      0.4709           0.5292           2168.0           2751.0           5081.0
   690      0.4708           0.5293           2230.0           2815.0           4955.0
   691      0.4668           0.5333           2178.0           2843.0           4979.0
   692      0.4691           0.5310           2139.0           2758.0           5103.0
   693      0.4680           0.5320           2182.0           2822.0           4996.0
   694      0.4638           0.5363           2135.0           2860.0           5005.0
   695      0.4649           0.5351           2140.0           2842.0           5018.0
   696      0.4657           0.5344           2193.0           2880.0           4927.0
   697      0.4644           0.5356           2145.0           2857.0           4998.0
   698      0.4631           0.5369           2132.0           2870.0           4998.0
   699      0.4620           0.5381           2132.0           2893.0           4975.0
   700      0.4618           0.5382           2152.0           2916.0           4932.0
   701      0.4568           0.5433           2054.0           2919.0           5027.0
   702      0.4505           0.5496           2047.0           3038.0           4915.0
   703      0.4534           0.5466           2044.0           2976.0           4980.0
   704      0.4538           0.5462           2052.0           2976.0           4972.0
   705      0.4500           0.5501           2034.0           3035.0           4931.0
   706      0.4463           0.5537           1968.0           3042.0           4990.0
   707      0.4395           0.5606           1963.0           3174.0           4863.0
   708      0.4434           0.5567           1956.0           3089.0           4955.0
   709      0.4472           0.5528           1950.0           3006.0           5044.0
   710      0.4477           0.5524           2028.0           3075.0           4897.0
   711      0.4457           0.5543           2010.0           3096.0           4894.0
   712      0.4459           0.5541           1978.0           3060.0           4962.0
   713      0.4439           0.5561           1940.0           3062.0           4998.0
   714      0.4447           0.5554           1942.0           3049.0           5009.0
   715      0.4494           0.5506           2044.0           3056.0           4900.0
   716      0.4526           0.5475           2080.0           3029.0           4891.0
   717      0.4543           0.5458           2077.0           2992.0           4931.0
   718      0.4545           0.5456           2074.0           2985.0           4941.0
   719      0.4566           0.5434           2095.0           2963.0           4942.0
   720      0.4554           0.5447           2062.0           2955.0           4983.0
   721      0.4601           0.5400           2101.0           2900.0           4999.0
   722      0.4618           0.5383           2153.0           2918.0           4929.0
   723      0.4581           0.5420           2138.0           2977.0           4885.0
   724      0.4542           0.5459           2054.0           2971.0           4975.0
   725      0.4485           0.5516           1977.0           3008.0           5015.0
   726      0.4436           0.5564           1963.0           3091.0           4946.0
   727      0.4489           0.5512           2045.0           3068.0           4887.0
   728      0.4453           0.5547           2009.0           3103.0           4888.0
   729      0.4481           0.5519           2004.0           3042.0           4954.0
   730      0.4472           0.5528           1985.0           3041.0           4974.0
   731      0.4528           0.5472           2032.0           2976.0           4992.0
   732      0.4537           0.5463           1998.0           2924.0           5078.0
   733      0.4513           0.5488           2021.0           2996.0           4983.0
   734      0.4500           0.5500           2099.0           3099.0           4802.0
   735      0.4502           0.5498           2008.0           3004.0           4988.0
   736      0.4508           0.5493           2013.0           2998.0           4989.0
   737      0.4498           0.5503           2030.0           3035.0           4935.0
   738      0.4469           0.5531           2013.0           3075.0           4912.0
   739      0.4494           0.5507           1976.0           2989.0           5035.0
   740      0.4398           0.5603           1931.0           3136.0           4933.0
   741      0.4399           0.5602           1940.0           3143.0           4917.0
   742      0.4405           0.5596           1938.0           3129.0           4933.0
   743      0.4378           0.5623           1905.0           3150.0           4945.0
   744      0.4301           0.5699           1846.0           3244.0           4910.0
   745      0.4308           0.5693           1880.0           3265.0           4855.0
   746      0.4322           0.5679           1853.0           3210.0           4937.0
   747      0.4286           0.5714           1810.0           3238.0           4952.0
   748      0.4255           0.5745           1842.0           3332.0           4826.0
   749      0.4213           0.5788           1774.0           3349.0           4877.0
   750      0.4254           0.5746           1786.0           3278.0           4936.0
   751      0.4260           0.5740           1774.0           3254.0           4972.0
   752      0.4278           0.5722           1809.0           3253.0           4938.0
   753      0.4250           0.5751           1799.0           3300.0           4901.0
   754      0.4229           0.5771           1797.0           3339.0           4864.0
   755      0.4172           0.5828           1748.0           3404.0           4848.0
   756      0.4142           0.5858           1736.0           3452.0           4812.0
   757      0.4057           0.5943           1653.0           3539.0           4808.0
   758      0.4074           0.5927           1642.0           3495.0           4863.0
   759      0.4095           0.5906           1658.0           3469.0           4873.0
   760      0.4107           0.5893           1654.0           3440.0           4906.0
   761      0.4109           0.5891           1672.0           3454.0           4874.0
   762      0.4125           0.5875           1707.0           3457.0           4836.0
   763      0.4156           0.5844           1738.0           3426.0           4836.0
   764      0.4145           0.5856           1723.0           3434.0           4843.0
   765      0.4107           0.5894           1740.0           3527.0           4733.0
   766      0.4174           0.5826           1749.0           3401.0           4850.0
   767      0.4192           0.5808           1759.0           3375.0           4866.0
   768      0.4241           0.5759           1800.0           3318.0           4882.0
   769      0.4167           0.5833           1694.0           3360.0           4946.0
   770      0.4105           0.5895           1667.0           3457.0           4876.0
   771      0.4065           0.5936           1667.0           3538.0           4795.0
   772      0.4061           0.5939           1679.0           3557.0           4764.0
   773      0.4076           0.5925           1674.0           3523.0           4803.0
   774      0.4087           0.5914           1647.0           3474.0           4879.0
   775      0.4051           0.5950           1608.0           3507.0           4885.0
   776      0.4043           0.5958           1617.0           3532.0           4851.0
   777      0.4041           0.5959           1655.0           3573.0           4772.0
   778      0.3963           0.6037           1586.0           3660.0           4754.0
   779      0.3960           0.6040           1577.0           3657.0           4766.0
   780      0.3893           0.6107           1507.0           3721.0           4772.0
   781      0.3890           0.6110           1530.0           3750.0           4720.0
   782      0.3886           0.6114           1514.0           3742.0           4744.0
   783      0.3938           0.6062           1545.0           3669.0           4786.0
   784      0.3947           0.6053           1542.0           3648.0           4810.0
   785      0.3901           0.6099           1477.0           3675.0           4848.0
   786      0.3838           0.6163           1469.0           3794.0           4737.0
   787      0.3811           0.6190           1460.0           3839.0           4701.0
   788      0.3771           0.6229           1407.0           3865.0           4728.0
   789      0.3775           0.6225           1430.0           3880.0           4690.0
   790      0.3728           0.6273           1402.0           3947.0           4651.0
   791      0.3737           0.6263           1402.0           3928.0           4670.0
   792      0.3669           0.6331           1335.0           3997.0           4668.0
   793      0.3660           0.6341           1383.0           4064.0           4553.0
   794      0.3665           0.6335           1372.0           4042.0           4586.0
   795      0.3715           0.6285           1417.0           3987.0           4596.0
   796      0.3708           0.6293           1362.0           3947.0           4691.0
   797      0.3706           0.6294           1392.0           3980.0           4628.0
   798      0.3660           0.6341           1343.0           4024.0           4633.0
   799      0.3730           0.6270           1373.0           3913.0           4714.0
   800      0.3720           0.6281           1409.0           3970.0           4621.0
   801      0.3665           0.6336           1288.0           3959.0           4753.0
   802      0.3748           0.6252           1406.0           3910.0           4684.0
   803      0.3685           0.6315           1372.0           4002.0           4626.0
   804      0.3665           0.6335           1381.0           4051.0           4568.0
   805      0.3570           0.6430           1309.0           4169.0           4522.0
   806      0.3607           0.6393           1268.0           4054.0           4678.0
   807      0.3617           0.6383           1314.0           4080.0           4606.0
   808      0.3585           0.6415           1248.0           4078.0           4674.0
   809      0.3534           0.6467           1258.0           4191.0           4551.0
   810      0.3573           0.6428           1289.0           4144.0           4567.0
   811      0.3555           0.6445           1218.0           4108.0           4674.0
   812      0.3646           0.6355           1348.0           4057.0           4595.0
   813      0.3635           0.6366           1315.0           4046.0           4639.0
   814      0.3630           0.6371           1351.0           4092.0           4557.0
   815      0.3656           0.6344           1307.0           3995.0           4698.0
   816      0.3656           0.6345           1343.0           4032.0           4625.0
   817      0.3579           0.6421           1292.0           4134.0           4574.0
   818      0.3531           0.6469           1260.0           4198.0           4542.0
   819      0.3574           0.6426           1285.0           4137.0           4578.0
   820      0.3524           0.6476           1252.0           4204.0           4544.0
   821      0.3531           0.6469           1240.0           4178.0           4582.0
   822      0.3479           0.6521           1224.0           4266.0           4510.0
   823      0.3484           0.6516           1220.0           4252.0           4528.0
   824      0.3432           0.6569           1198.0           4335.0           4467.0
   825      0.3479           0.6522           1251.0           4294.0           4455.0
   826      0.3480           0.6520           1191.0           4231.0           4578.0
   827      0.3423           0.6578           1171.0           4326.0           4503.0
   828      0.3372           0.6628           1114.0           4370.0           4516.0
   829      0.3333           0.6667           1080.0           4414.0           4506.0
   830      0.3381           0.6620           1122.0           4361.0           4517.0
   831      0.3415           0.6586           1183.0           4354.0           4463.0
   832      0.3393           0.6608           1125.0           4340.0           4535.0
   833      0.3379           0.6622           1155.0           4398.0           4447.0
   834      0.3330           0.6670           1156.0           4496.0           4348.0
   835      0.3336           0.6665           1099.0           4428.0           4473.0
   836      0.3362           0.6638           1124.0           4400.0           4476.0
   837      0.3397           0.6604           1186.0           4393.0           4421.0
   838      0.3367           0.6634           1130.0           4397.0           4473.0
   839      0.3363           0.6637           1111.0           4385.0           4504.0
   840      0.3372           0.6628           1143.0           4399.0           4458.0
   841      0.3340           0.6660           1109.0           4429.0           4462.0
   842      0.3357           0.6643           1102.0           4388.0           4510.0
   843      0.3291           0.6709           1075.0           4493.0           4432.0
   844      0.3291           0.6709           1063.0           4481.0           4456.0
   845      0.3336           0.6664           1145.0           4473.0           4382.0
   846      0.3338           0.6663           1124.0           4449.0           4427.0
   847      0.3368           0.6632           1170.0           4434.0           4396.0
   848      0.3366           0.6635           1099.0           4368.0           4533.0
   849      0.3351           0.6649           1094.0           4392.0           4514.0
   850      0.3385           0.6616           1141.0           4372.0           4487.0
   851      0.3373           0.6628           1146.0           4401.0           4453.0
   852      0.3334           0.6666           1118.0           4450.0           4432.0
   853      0.3331           0.6670           1111.0           4450.0           4439.0
   854      0.3378           0.6623           1135.0           4380.0           4485.0
   855      0.3321           0.6680           1106.0           4465.0           4429.0
   856      0.3378           0.6623           1157.0           4402.0           4441.0
   857      0.3390           0.6611           1180.0           4401.0           4419.0
   858      0.3356           0.6645           1120.0           4409.0           4471.0
   859      0.3421           0.6579           1193.0           4351.0           4456.0
   860      0.3462           0.6538           1211.0           4287.0           4502.0
   861      0.3413           0.6588           1119.0           4294.0           4587.0
   862      0.3386           0.6615           1131.0           4360.0           4509.0
   863      0.3433           0.6567           1173.0           4307.0           4520.0
   864      0.3443           0.6557           1142.0           4256.0           4602.0
   865      0.3374           0.6627           1113.0           4366.0           4521.0
   866      0.3382           0.6618           1117.0           4353.0           4530.0
   867      0.3399           0.6602           1169.0           4372.0           4459.0
   868      0.3434           0.6567           1149.0           4282.0           4569.0
   869      0.3433           0.6568           1239.0           4374.0           4387.0
   870      0.3465           0.6535           1208.0           4278.0           4514.0
   871      0.3490           0.6510           1211.0           4231.0           4558.0
   872      0.3467           0.6533           1196.0           4262.0           4542.0
   873      0.3459           0.6541           1182.0           4264.0           4554.0
   874      0.3544           0.6456           1269.0           4181.0           4550.0
   875      0.3588           0.6412           1294.0           4118.0           4588.0
   876      0.3605           0.6395           1292.0           4082.0           4626.0
   877      0.3601           0.6400           1309.0           4108.0           4583.0
   878      0.3591           0.6410           1284.0           4103.0           4613.0
   879      0.3563           0.6438           1269.0           4144.0           4587.0
   880      0.3552           0.6448           1245.0           4141.0           4614.0
   881      0.3540           0.6460           1272.0           4192.0           4536.0
   882      0.3519           0.6482           1223.0           4186.0           4591.0
   883      0.3514           0.6487           1231.0           4204.0           4565.0
   884      0.3473           0.6527           1199.0           4253.0           4548.0
   885      0.3536           0.6464           1264.0           4192.0           4544.0
   886      0.3529           0.6472           1234.0           4177.0           4589.0
   887      0.3497           0.6504           1235.0           4242.0           4523.0
   888      0.3449           0.6551           1159.0           4261.0           4580.0
   889      0.3401           0.6600           1128.0           4327.0           4545.0
   890      0.3402           0.6598           1164.0           4360.0           4476.0
   891      0.3388           0.6612           1126.0           4350.0           4524.0
   892      0.3440           0.6560           1161.0           4281.0           4558.0
   893      0.3465           0.6536           1203.0           4274.0           4523.0
   894      0.3440           0.6560           1191.0           4311.0           4498.0
   895      0.3481           0.6520           1215.0           4254.0           4531.0
   896      0.3464           0.6537           1213.0           4286.0           4501.0
   897      0.3440           0.6561           1164.0           4285.0           4551.0
   898      0.3478           0.6522           1194.0           4238.0           4568.0
   899      0.3421           0.6579           1154.0           4312.0           4534.0
   900      0.3452           0.6548           1203.0           4299.0           4498.0
   901      0.3452           0.6548           1205.0           4301.0           4494.0
   902      0.3512           0.6489           1238.0           4215.0           4547.0
   903      0.3550           0.6450           1218.0           4118.0           4664.0
   904      0.3552           0.6449           1269.0           4166.0           4565.0
   905      0.3586           0.6414           1261.0           4089.0           4650.0
   906      0.3603           0.6398           1327.0           4122.0           4551.0
   907      0.3648           0.6353           1330.0           4035.0           4635.0
   908      0.3681           0.6320           1350.0           3989.0           4661.0
   909      0.3750           0.6251           1409.0           3910.0           4681.0
   910      0.3748           0.6252           1406.0           3910.0           4684.0
   911      0.3807           0.6194           1439.0           3826.0           4735.0
   912      0.3774           0.6227           1452.0           3905.0           4643.0
   913      0.3779           0.6221           1435.0           3877.0           4688.0
   914      0.3814           0.6187           1436.0           3809.0           4755.0
   915      0.3757           0.6244           1441.0           3928.0           4631.0
   916      0.3745           0.6256           1396.0           3907.0           4697.0
   917      0.3720           0.6281           1377.0           3938.0           4685.0
   918      0.3722           0.6279           1366.0           3923.0           4711.0
   919      0.3702           0.6298           1332.0           3928.0           4740.0
   920      0.3676           0.6325           1322.0           3971.0           4707.0
   921      0.3674           0.6327           1358.0           4011.0           4631.0
   922      0.3677           0.6323           1375.0           4021.0           4604.0
   923      0.3739           0.6261           1431.0           3953.0           4616.0
   924      0.3755           0.6246           1408.0           3899.0           4693.0
   925      0.3752           0.6249           1414.0           3911.0           4675.0
   926      0.3753           0.6248           1416.0           3911.0           4673.0
   927      0.3721           0.6279           1384.0           3942.0           4674.0
   928      0.3662           0.6338           1305.0           3981.0           4714.0
   929      0.3660           0.6340           1346.0           4026.0           4628.0
   930      0.3642           0.6358           1354.0           4070.0           4576.0
   931      0.3712           0.6289           1371.0           3948.0           4681.0
   932      0.3689           0.6311           1379.0           4001.0           4620.0
   933      0.3697           0.6303           1364.0           3970.0           4666.0
   934      0.3765           0.6235           1355.0           3825.0           4820.0
   935      0.3781           0.6220           1424.0           3863.0           4713.0
   936      0.3806           0.6195           1522.0           3911.0           4567.0
   937      0.3726           0.6274           1417.0           3965.0           4618.0
   938      0.3753           0.6248           1410.0           3905.0           4685.0
   939      0.3792           0.6208           1490.0           3906.0           4604.0
   940      0.3801           0.6199           1464.0           3862.0           4674.0
   941      0.3800           0.6200           1435.0           3835.0           4730.0
   942      0.3818           0.6183           1470.0           3835.0           4695.0
   943      0.3843           0.6158           1514.0           3829.0           4657.0
   944      0.3880           0.6121           1520.0           3761.0           4719.0
   945      0.3869           0.6132           1491.0           3754.0           4755.0
   946      0.3913           0.6088           1566.0           3741.0           4693.0
   947      0.3888           0.6112           1518.0           3742.0           4740.0
   948      0.3781           0.6219           1426.0           3864.0           4710.0
   949      0.3753           0.6248           1457.0           3952.0           4591.0
   950      0.3808           0.6192           1485.0           3869.0           4646.0
   951      0.3826           0.6175           1437.0           3786.0           4777.0
   952      0.3760           0.6240           1454.0           3934.0           4612.0
   953      0.3747           0.6254           1404.0           3911.0           4685.0
   954      0.3801           0.6200           1435.0           3834.0           4731.0
   955      0.3827           0.6174           1451.0           3798.0           4751.0
   956      0.3836           0.6164           1508.0           3836.0           4656.0
   957      0.3787           0.6214           1399.0           3826.0           4775.0
   958      0.3736           0.6265           1413.0           3942.0           4645.0
   959      0.3695           0.6306           1373.0           3984.0           4643.0
   960      0.3702           0.6298           1376.0           3972.0           4652.0
   961      0.3715           0.6286           1364.0           3935.0           4701.0
   962      0.3686           0.6315           1310.0           3939.0           4751.0
   963      0.3668           0.6332           1354.0           4018.0           4628.0
   964      0.3659           0.6342           1309.0           3992.0           4699.0
   965      0.3674           0.6327           1353.0           4006.0           4641.0
   966      0.3673           0.6328           1372.0           4027.0           4601.0
   967      0.3716           0.6284           1382.0           3950.0           4668.0
   968      0.3710           0.6291           1362.0           3943.0           4695.0
   969      0.3694           0.6306           1378.0           3990.0           4632.0
   970      0.3700           0.6301           1360.0           3961.0           4679.0
   971      0.3714           0.6287           1357.0           3930.0           4713.0
   972      0.3719           0.6282           1399.0           3962.0           4639.0
   973      0.3795           0.6205           1432.0           3842.0           4726.0
   974      0.3798           0.6202           1464.0           3868.0           4668.0
   975      0.3827           0.6173           1443.0           3789.0           4768.0
   976      0.3791           0.6210           1469.0           3888.0           4643.0
   977      0.3826           0.6174           1432.0           3780.0           4788.0
   978      0.3863           0.6137           1441.0           3715.0           4844.0
   979      0.3837           0.6163           1439.0           3765.0           4796.0
   980      0.3849           0.6152           1469.0           3772.0           4759.0
   981      0.3880           0.6120           1500.0           3740.0           4760.0
   982      0.3780           0.6221           1439.0           3880.0           4681.0
   983      0.3809           0.6192           1426.0           3809.0           4765.0
   984      0.3826           0.6174           1482.0           3830.0           4688.0
   985      0.3831           0.6170           1447.0           3786.0           4767.0
   986      0.3819           0.6182           1403.0           3766.0           4831.0
   987      0.3842           0.6159           1444.0           3761.0           4795.0
   988      0.3814           0.6186           1485.0           3857.0           4658.0
   989      0.3830           0.6171           1451.0           3792.0           4757.0
   990      0.3788           0.6213           1389.0           3814.0           4797.0
   991      0.3756           0.6244           1391.0           3879.0           4730.0
   992      0.3759           0.6242           1382.0           3865.0           4753.0
   993      0.3750           0.6251           1379.0           3880.0           4741.0
   994      0.3771           0.6229           1434.0           3892.0           4674.0
   995      0.3753           0.6247           1442.0           3936.0           4622.0
   996      0.3767           0.6233           1441.0           3907.0           4652.0
   997      0.3732           0.6269           1377.0           3914.0           4709.0
   998      0.3718           0.6282           1394.0           3958.0           4648.0
   999      0.3682           0.6318           1320.0           3956.0           4724.0
Equilibrium is 0