t   p   q   AA   aa   Aa
0        0.4956        0.5044        2418        2506        5076
1        0.49495        0.50505        2430        2531        5039
2        0.4869        0.5131        2343        2605        5052
3        0.4884        0.5116        2381        2613        5006
4        0.49445        0.50555        2432        2543        5025
5        0.48925        0.51075        2408        2623        4969
6        0.47965        0.52035        2304        2711        4985
7        0.4635        0.5365        2161        2891        4948
8        0.46        0.54        2176        2976        4848
9        0.46745        0.53255        2195        2846        4959
10        0.4807        0.5193        2332        2718        4950
11        0.4867        0.5133        2387        2653        4960
12        0.48805        0.51195        2376        2615        5009
13        0.48335        0.51665        2328        2661        5011
14        0.4722        0.5278        2201        2757        5042
15        0.46745        0.53255        2173        2824        5003
16        0.48295        0.51705        2329        2670        5001
17        0.4823        0.5177        2368        2722        4910
18        0.47305        0.52695        2254        2793        4953
19        0.479        0.521        2307        2727        4966
20        0.4898        0.5102        2386        2590        5024
21        0.4822        0.5178        2372        2728        4900
22        0.4864        0.5136        2324        2596        5080
23        0.48345        0.51655        2286        2617        5097
24        0.4806        0.5194        2308        2696        4996
25        0.4871        0.5129        2398        2656        4946
26        0.4848        0.5152        2372        2676        4952
27        0.47855        0.52145        2296        2725        4979
28        0.4742        0.5258        2238        2754        5008
29        0.47515        0.52485        2274        2771        4955
30        0.4699        0.5301        2153        2755        5092
31        0.4699        0.5301        2256        2858        4886
32        0.4638        0.5362        2175        2899        4926
33        0.46205        0.53795        2136        2895        4969
34        0.4537        0.5463        2048        2974        4978
35        0.4595        0.5405        2101        2911        4988
36        0.46585        0.53415        2162        2845        4993
37        0.4691        0.5309        2184        2802        5014
38        0.4658        0.5342        2170        2854        4976
39        0.45945        0.54055        2099        2910        4991
40        0.4601        0.5399        2123        2921        4956
41        0.4623        0.5377        2153        2907        4940
42        0.47115        0.52885        2169        2746        5085
43        0.4702        0.5298        2184        2780        5036
44        0.4686        0.5314        2196        2824        4980
45        0.472        0.528        2245        2805        4950
46        0.46055        0.53945        2124        2913        4963
47        0.46195        0.53805        2107        2868        5025
48        0.4666        0.5334        2187        2855        4958
49        0.463        0.537        2162        2902        4936
50        0.4596        0.5404        2077        2885        5038
51        0.4562        0.5438        2048        2924        5028
52        0.45255        0.54745        2055        3004        4941
53        0.447        0.553        1978        3038        4984
54        0.44885        0.55115        2053        3076        4871
55        0.45555        0.54445        2055        2944        5001
56        0.46015        0.53985        2105        2902        4993
57        0.4611        0.5389        2114        2892        4994
58        0.47375        0.52625        2259        2784        4957
59        0.46365        0.53635        2154        2881        4965
60        0.4559        0.5441        2075        2957        4968
61        0.4595        0.5405        2131        2941        4928
62        0.46805        0.53195        2199        2838        4963
63        0.46755        0.53245        2160        2809        5031
64        0.4663        0.5337        2145        2819        5036
65        0.46175        0.53825        2112        2877        5011
66        0.4604        0.5396        2115        2907        4978
67        0.4686        0.5314        2203        2831        4966
68        0.4599        0.5401        2044        2846        5110
69        0.46535        0.53465        2159        2852        4989
70        0.46365        0.53635        2118        2845        5037
71        0.4745        0.5255        2256        2766        4978
72        0.4748        0.5252        2240        2744        5016
73        0.48055        0.51945        2315        2704        4981
74        0.4762        0.5238        2265        2741        4994
75        0.47755        0.52245        2279        2728        4993
76        0.48605        0.51395        2388        2667        4945
77        0.4769        0.5231        2285        2747        4968
78        0.4846        0.5154        2322        2630        5048
79        0.4959        0.5041        2467        2549        4984
80        0.4954        0.5046        2431        2523        5046
81        0.50195        0.49805        2526        2487        4987
82        0.5083        0.4917        2575        2409        5016
83        0.50925        0.49075        2615        2430        4955
84        0.5234        0.4766        2748        2280        4972
85        0.52105        0.47895        2754        2333        4913
86        0.53145        0.46855        2865        2236        4899
87        0.52495        0.47505        2723        2224        5053
88        0.52275        0.47725        2732        2277        4991
89        0.5083        0.4917        2600        2434        4966
90        0.5087        0.4913        2592        2418        4990
91        0.5039        0.4961        2568        2490        4942
92        0.4951        0.5049        2455        2553        4992
93        0.49265        0.50735        2480        2627        4893
94        0.50435        0.49565        2526        2439        5035
95        0.5161        0.4839        2634        2312        5054
96        0.5152        0.4848        2675        2371        4954
97        0.51335        0.48665        2628        2361        5011
98        0.5037        0.4963        2566        2492        4942
99        0.5119        0.4881        2613        2375        5012
100        0.512        0.488        2613        2373        5014
101        0.5188        0.4812        2684        2308        5008
102        0.5246        0.4754        2794        2302        4904
103        0.5206        0.4794        2720        2308        4972
104        0.5241        0.4759        2719        2237        5044
105        0.52495        0.47505        2750        2251        4999
106        0.5339        0.4661        2877        2199        4924
107        0.54145        0.45855        2981        2152        4867
108        0.5404        0.4596        2912        2104        4984
109        0.53385        0.46615        2847        2170        4983
110        0.5376        0.4624        2895        2143        4962
111        0.54155        0.45845        2930        2099        4971
112        0.5435        0.4565        2947        2077        4976
113        0.5386        0.4614        2895        2123        4982
114        0.5426        0.4574        2906        2054        5040
115        0.53265        0.46735        2853        2200        4947
116        0.52735        0.47265        2782        2235        4983
117        0.52165        0.47835        2688        2255        5057
118        0.5242        0.4758        2763        2279        4958
119        0.5227        0.4773        2748        2294        4958
120        0.51385        0.48615        2609        2332        5059
121        0.52455        0.47545        2760        2269        4971
122        0.5272        0.4728        2839        2295        4866
123        0.5267        0.4733        2782        2248        4970
124        0.5289        0.4711        2775        2197        5028
125        0.52875        0.47125        2845        2270        4885
126        0.5348        0.4652        2904        2208        4888
127        0.5374        0.4626        2898        2150        4952
128        0.5365        0.4635        2889        2159        4952
129        0.53055        0.46945        2751        2140        5109
130        0.53645        0.46355        2886        2157        4957
131        0.54045        0.45955        2912        2103        4985
132        0.5381        0.4619        2820        2058        5122
133        0.5418        0.4582        2928        2092        4980
134        0.5566        0.4434        3100        1968        4932
135        0.54885        0.45115        3004        2027        4969
136        0.54045        0.45955        2906        2097        4997
137        0.54425        0.45575        2998        2113        4889
138        0.53895        0.46105        2915        2136        4949
139        0.5393        0.4607        2873        2087        5040
140        0.52895        0.47105        2802        2223        4975
141        0.5268        0.4732        2770        2234        4996
142        0.53135        0.46865        2833        2206        4961
143        0.5281        0.4719        2792        2230        4978
144        0.5216        0.4784        2719        2287        4994
145        0.5288        0.4712        2824        2248        4928
146        0.5233        0.4767        2705        2239        5056
147        0.53035        0.46965        2835        2228        4937
148        0.5347        0.4653        2884        2190        4926
149        0.53425        0.46575        2844        2159        4997
150        0.53885        0.46115        2888        2111        5001
151        0.5317        0.4683        2797        2163        5040
152        0.54215        0.45785        2960        2117        4923
153        0.5311        0.4689        2834        2212        4954
154        0.53225        0.46775        2865        2220        4915
155        0.5314        0.4686        2842        2214        4944
156        0.5419        0.4581        2907        2069        5024
157        0.54505        0.45495        2955        2054        4991
158        0.5433        0.4567        2941        2075        4984
159        0.54445        0.45555        2928        2039        5033
160        0.5409        0.4591        2879        2061        5060
161        0.5461        0.4539        2992        2070        4938
162        0.54785        0.45215        3027        2070        4903
163        0.54925        0.45075        3058        2073        4869
164        0.548        0.452        3008        2048        4944
165        0.54315        0.45685        2955        2092        4953
166        0.5438        0.4562        2973        2097        4930
167        0.54115        0.45885        2907        2084        5009
168        0.5444        0.4556        2957        2069        4974
169        0.5432        0.4568        2970        2106        4924
170        0.5315        0.4685        2841        2211        4948
171        0.53065        0.46935        2823        2210        4967
172        0.52965        0.47035        2825        2232        4943
173        0.53775        0.46225        2932        2177        4891
174        0.5286        0.4714        2814        2242        4944
175        0.51695        0.48305        2670        2331        4999
176        0.5148        0.4852        2702        2406        4892
177        0.5229        0.4771        2736        2278        4986
178        0.52955        0.47045        2779        2188        5033
179        0.5303        0.4697        2792        2186        5022
180        0.53715        0.46285        2860        2117        5023
181        0.5316        0.4684        2799        2167        5034
182        0.53305        0.46695        2851        2190        4959
183        0.534        0.466        2861        2181        4958
184        0.52695        0.47305        2749        2210        5041
185        0.5304        0.4696        2773        2165        5062
186        0.53675        0.46325        2889        2154        4957
187        0.54145        0.45855        2955        2126        4919
188        0.53725        0.46275        2864        2119        5017
189        0.5378        0.4622        2901        2145        4954
190        0.5449        0.4551        2981        2083        4936
191        0.54715        0.45285        3003        2060        4937
192        0.5412        0.4588        2912        2088        5000
193        0.5305        0.4695        2786        2176        5038
194        0.51615        0.48385        2691        2368        4941
195        0.5184        0.4816        2665        2297        5038
196        0.5246        0.4754        2742        2250        5008
197        0.5322        0.4678        2820        2176        5004
198        0.5266        0.4734        2749        2217        5034
199        0.53045        0.46955        2815        2206        4979
200        0.5407        0.4593        2925        2111        4964
201        0.5393        0.4607        2902        2116        4982
202        0.5346        0.4654        2889        2197        4914
203        0.5379        0.4621        2928        2170        4902
204        0.52455        0.47545        2750        2259        4991
205        0.5139        0.4861        2621        2343        5036
206        0.5086        0.4914        2570        2398        5032
207        0.51735        0.48265        2644        2297        5059
208        0.51865        0.48135        2741        2368        4891
209        0.5123        0.4877        2577        2331        5092
210        0.51585        0.48415        2709        2392        4899
211        0.5068        0.4932        2529        2393        5078
212        0.5157        0.4843        2678        2364        4958
213        0.51665        0.48335        2693        2360        4947
214        0.5109        0.4891        2615        2397        4988
215        0.5114        0.4886        2627        2399        4974
216        0.52605        0.47395        2732        2211        5057
217        0.5175        0.4825        2681        2331        4988
218        0.52645        0.47355        2802        2273        4925
219        0.5339        0.4661        2860        2182        4958
220        0.5294        0.4706        2783        2195        5022
221        0.52995        0.47005        2772        2173        5055
222        0.5285        0.4715        2782        2212        5006
223        0.53465        0.46535        2864        2171        4965
224        0.54        0.46        2927        2127        4946
225        0.5483        0.4517        2989        2023        4988
226        0.55035        0.44965        3025        2018        4957
227        0.5454        0.4546        2985        2077        4938
228        0.54745        0.45255        2988        2039        4973
229        0.552        0.448        3056        2016        4928
230        0.54465        0.45535        2988        2095        4917
231        0.5572        0.4428        3121        1977        4902
232        0.552        0.448        3054        2014        4932
233        0.5482        0.4518        2978        2014        5008
234        0.54425        0.45575        2945        2060        4995
235        0.5504        0.4496        3020        2012        4968
236        0.5496        0.4504        3032        2040        4928
237        0.5494        0.4506        3029        2041        4930
238        0.5494        0.4506        3008        2020        4972
239        0.54545        0.45455        2955        2046        4999
240        0.5465        0.4535        2994        2064        4942
241        0.53885        0.46115        2954        2177        4869
242        0.52485        0.47515        2707        2210        5083
243        0.53095        0.46905        2794        2175        5031
244        0.534        0.466        2871        2191        4938
245        0.5253        0.4747        2750        2244        5006
246        0.52155        0.47845        2712        2281        5007
247        0.522        0.478        2707        2267        5026
248        0.52025        0.47975        2731        2326        4943
249        0.5136        0.4864        2638        2366        4996
250        0.51845        0.48155        2676        2307        5017
251        0.52245        0.47755        2753        2304        4943
252        0.51885        0.48115        2726        2349        4925
253        0.50865        0.49135        2568        2395        5037
254        0.5137        0.4863        2609        2335        5056
255        0.5113        0.4887        2626        2400        4974
256        0.51355        0.48645        2661        2390        4949
257        0.5114        0.4886        2637        2409        4954
258        0.51125        0.48875        2625        2400        4975
259        0.50885        0.49115        2591        2414        4995
260        0.50705        0.49295        2571        2430        4999
261        0.51605        0.48395        2693        2372        4935
262        0.51205        0.48795        2667        2426        4907
263        0.5118        0.4882        2611        2375        5014
264        0.5066        0.4934        2553        2421        5026
265        0.5239        0.4761        2758        2280        4962
266        0.53045        0.46955        2815        2206        4979
267        0.53155        0.46845        2877        2246        4877
268        0.53705        0.46295        2919        2178        4903
269        0.5359        0.4641        2887        2169        4944
270        0.532        0.468        2849        2209        4942
271        0.54335        0.45665        2965        2098        4937
272        0.5519        0.4481        3073        2035        4892
273        0.55335        0.44665        3058        1991        4951
274        0.5582        0.4418        3107        1943        4950
275        0.5586        0.4414        3151        1979        4870
276        0.54745        0.45255        2994        2045        4961
277        0.53815        0.46185        2890        2127        4983
278        0.53485        0.46515        2863        2166        4971
279        0.533        0.467        2836        2176        4988
280        0.52835        0.47165        2785        2218        4997
281        0.534        0.466        2858        2178        4964
282        0.5388        0.4612        2907        2131        4962
283        0.5418        0.4582        2910        2074        5016
284        0.54355        0.45645        2952        2081        4967
285        0.54555        0.45445        3007        2096        4897
286        0.548        0.452        3012        2052        4936
287        0.55015        0.44985        3001        1998        5001
288        0.5529        0.4471        3016        1958        5026
289        0.5583        0.4417        3088        1922        4990
290        0.56995        0.43005        3251        1852        4897
291        0.56695        0.43305        3180        1841        4979
292        0.56555        0.43445        3162        1851        4987
293        0.5532        0.4468        3043        1979        4978
294        0.54155        0.45845        2872        2041        5087
295        0.53715        0.46285        2880        2137        4983
296        0.5428        0.4572        2943        2087        4970
297        0.54045        0.45955        2942        2133        4925
298        0.55255        0.44745        3056        2005        4939
299        0.55295        0.44705        3076        2017        4907
300        0.54775        0.45225        2991        2036        4973
301        0.5523        0.4477        3082        2036        4882
302        0.5481        0.4519        2999        2037        4964
303        0.5578        0.4422        3089        1933        4978
304        0.55425        0.44575        3098        2013        4889
305        0.5593        0.4407        3092        1906        5002
306        0.56225        0.43775        3123        1878        4999
307        0.55395        0.44605        3037        1958        5005
308        0.55245        0.44755        3050        2001        4949
309        0.55765        0.44235        3113        1960        4927
310        0.5613        0.4387        3151        1925        4924
311        0.56715        0.43285        3247        1904        4849
312        0.56725        0.43275        3208        1863        4929
313        0.5688        0.4312        3249        1873        4878
314        0.57745        0.42255        3330        1781        4889
315        0.5771        0.4229        3352        1810        4838
316        0.57225        0.42775        3244        1799        4957
317        0.57235        0.42765        3266        1819        4915
318        0.56735        0.43265        3217        1870        4913
319        0.5616        0.4384        3166        1934        4900
320        0.5518        0.4482        3082        2046        4872
321        0.54265        0.45735        2941        2088        4971
322        0.54065        0.45935        2916        2103        4981
323        0.5431        0.4569        2930        2068        5002
324        0.5461        0.4539        2994        2072        4934
325        0.544        0.456        2924        2044        5032
326        0.5421        0.4579        2921        2079        5000
327        0.5524        0.4476        3068        2020        4912
328        0.5478        0.4522        3003        2047        4950
329        0.54215        0.45785        2897        2054        5049
330        0.5496        0.4504        2998        2006        4996
331        0.5532        0.4468        3070        2006        4924
332        0.54575        0.45425        2978        2063        4959
333        0.55215        0.44785        3063        2020        4917
334        0.5495        0.4505        3007        2017        4976
335        0.5517        0.4483        3036        2002        4962
336        0.55925        0.44075        3135        1950        4915
337        0.561        0.439        3121        1901        4978
338        0.5545        0.4455        3076        1986        4938
339        0.55815        0.44185        3097        1934        4969
340        0.5519        0.4481        3004        1966        5030
341        0.5544        0.4456        3044        1956        5000
342        0.55095        0.44905        3017        1998        4985
343        0.5484        0.4516        3026        2058        4916
344        0.5529        0.4471        3052        1994        4954
345        0.5627        0.4373        3181        1927        4892
346        0.5643        0.4357        3191        1905        4904
347        0.5739        0.4261        3253        1775        4972
348        0.58125        0.41875        3388        1763        4849
349        0.57735        0.42265        3310        1763        4927
350        0.57955        0.42045        3352        1761        4887
351        0.5842        0.4158        3360        1676        4964
352        0.58405        0.41595        3382        1701        4917
353        0.58245        0.41755        3360        1711        4929
354        0.5856        0.4144        3462        1750        4788
355        0.5954        0.4046        3525        1617        4858
356        0.6063        0.3937        3706        1580        4714
357        0.6125        0.3875        3784        1534        4682
358        0.6237        0.3763        3859        1385        4756
359        0.62595        0.37405        3907        1388        4705
360        0.62735        0.37265        3943        1396        4661
361        0.6242        0.3758        3925        1441        4634
362        0.6234        0.3766        3869        1401        4730
363        0.6227        0.3773        3875        1421        4704
364        0.6231        0.3769        3883        1421        4696
365        0.6258        0.3742        3901        1385        4714
366        0.63075        0.36925        3954        1339        4707
367        0.6283        0.3717        3978        1412        4610
368        0.6243        0.3757        3862        1376        4762
369        0.62405        0.37595        3912        1431        4657
370        0.6217        0.3783        3828        1394        4778
371        0.6292        0.3708        3965        1381        4654
372        0.627        0.373        3915        1375        4710
373        0.63205        0.36795        3985        1344        4671
374        0.6378        0.3622        4080        1324        4596
375        0.64065        0.35935        4098        1285        4617
376        0.6332        0.3668        3991        1327        4682
377        0.6431        0.3569        4141        1279        4580
378        0.6428        0.3572        4123        1267        4610
379        0.64405        0.35595        4157        1276        4567
380        0.6523        0.3477        4271        1225        4504
381        0.6614        0.3386        4395        1167        4438
382        0.66465        0.33535        4396        1103        4501
383        0.66105        0.33895        4348        1127        4525
384        0.66455        0.33545        4402        1111        4487
385        0.6615        0.3385        4406        1176        4418
386        0.67105        0.32895        4495        1074        4431
387        0.6741        0.3259        4535        1053        4412
388        0.68275        0.31725        4668        1013        4319
389        0.6788        0.3212        4608        1032        4360
390        0.6774        0.3226        4570        1022        4408
391        0.66945        0.33055        4465        1076        4459
392        0.66415        0.33585        4417        1134        4449
393        0.66835        0.33165        4409        1042        4549
394        0.67535        0.32465        4578        1071        4351
395        0.677        0.323        4553        1013        4434
396        0.6819        0.3181        4661        1023        4316
397        0.6844        0.3156        4696        1008        4296
398        0.68625        0.31375        4692        967        4341
399        0.68835        0.31165        4731        964        4305
400        0.68485        0.31515        4667        970        4363
401        0.68795        0.31205        4702        943        4355
402        0.6954        0.3046        4872        964        4164
403        0.6885        0.3115        4728        958        4314
404        0.6921        0.3079        4770        928        4302
405        0.6954        0.3046        4835        927        4238
406        0.69145        0.30855        4778        949        4273
407        0.6921        0.3079        4827        985        4188
408        0.6852        0.3148        4697        993        4310
409        0.69125        0.30875        4805        980        4215
410        0.6977        0.3023        4837        883        4280
411        0.69915        0.30085        4887        904        4209
412        0.69205        0.30795        4782        941        4277
413        0.69375        0.30625        4809        934        4257
414        0.70725        0.29275        4995        850        4155
415        0.70535        0.29465        4976        869        4155
416        0.69125        0.30875        4776        951        4273
417        0.67975        0.32025        4624        1029        4347
418        0.68245        0.31755        4649        1000        4351
419        0.6769        0.3231        4548        1010        4442
420        0.6695        0.3305        4451        1061        4488
421        0.6545        0.3455        4260        1170        4570
422        0.65905        0.34095        4345        1164        4491
423        0.65335        0.34665        4276        1209        4515
424        0.6581        0.3419        4358        1196        4446
425        0.6551        0.3449        4256        1154        4590
426        0.6489        0.3511        4237        1259        4504
427        0.6473        0.3527        4176        1230        4594
428        0.6505        0.3495        4251        1241        4508
429        0.6514        0.3486        4278        1250        4472
430        0.65645        0.34355        4287        1158        4555
431        0.6541        0.3459        4278        1196        4526
432        0.66305        0.33695        4385        1124        4491
433        0.6725        0.3275        4525        1075        4400
434        0.67125        0.32875        4508        1083        4409
435        0.6725        0.3275        4527        1077        4396
436        0.6754        0.3246        4585        1077        4338
437        0.6778        0.3222        4572        1016        4412
438        0.6816        0.3184        4666        1034        4300
439        0.6867        0.3133        4734        1000        4266
440        0.6964        0.3036        4856        928        4216
441        0.6988        0.3012        4855        879        4266
442        0.7118        0.2882        5056        820        4124
443        0.71955        0.28045        5158        767        4075
444        0.7201        0.2799        5199        797        4004
445        0.7099        0.2901        5056        858        4086
446        0.70685        0.29315        5026        889        4085
447        0.7106        0.2894        5035        823        4142
448        0.70855        0.29145        5017        846        4137
449        0.70965        0.29035        5046        853        4101
450        0.7215        0.2785        5178        748        4074
451        0.72805        0.27195        5273        712        4015
452        0.7345        0.2655        5428        738        3834
453        0.7259        0.2741        5307        789        3904
454        0.72375        0.27625        5275        800        3925
455        0.72255        0.27745        5226        775        3999
456        0.7207        0.2793        5191        777        4032
457        0.70985        0.29015        5033        836        4131
458        0.714        0.286        5098        818        4084
459        0.71685        0.28315        5152        815        4033
460        0.7176        0.2824        5138        786        4076
461        0.72555        0.27445        5247        736        4017
462        0.72605        0.27395        5268        747        3985
463        0.72485        0.27515        5279        782        3939
464        0.7214        0.2786        5218        790        3992
465        0.71475        0.28525        5072        777        4151
466        0.71025        0.28975        5044        839        4117
467        0.7084        0.2916        5016        848        4136
468        0.71145        0.28855        5045        816        4139
469        0.7091        0.2909        5007        825        4168
470        0.71515        0.28485        5099        796        4105
471        0.7168        0.2832        5142        806        4052
472        0.713        0.287        5057        797        4146
473        0.71315        0.28685        5126        863        4011
474        0.71105        0.28895        5035        814        4151
475        0.7058        0.2942        4957        841        4202
476        0.71235        0.28765        5077        830        4093
477        0.70645        0.29355        4966        837        4197
478        0.704        0.296        4966        886        4148
479        0.6982        0.3018        4886        922        4192
480        0.7008        0.2992        4962        946        4092
481        0.7054        0.2946        5017        909        4074
482        0.7102        0.2898        5020        816        4164
483        0.71345        0.28655        5039        770        4191
484        0.7022        0.2978        4947        903        4150
485        0.6987        0.3013        4864        890        4246
486        0.6977        0.3023        4888        934        4178
487        0.7015        0.2985        4938        908        4154
488        0.7009        0.2991        4909        891        4200
489        0.70045        0.29955        4913        904        4183
490        0.7031        0.2969        4960        898        4142
491        0.7045        0.2955        4908        818        4274
492        0.70555        0.29445        5020        909        4071
493        0.70985        0.29015        5040        843        4117
494        0.7077        0.2923        5030        876        4094
495        0.6975        0.3025        4864        914        4222
496        0.71235        0.28765        5078        831        4091
497        0.7154        0.2846        5128        820        4052
498        0.714        0.286        5121        841        4038
499        0.7173        0.2827        5139        793        4068
500        0.7232        0.2768        5265        801        3934
501        0.73        0.27        5360        760        3880
502        0.7383        0.2617        5471        705        3824
503        0.74035        0.25965        5482        675        3843
504        0.74225        0.25775        5498        653        3849
505        0.7436        0.2564        5524        652        3824
506        0.74435        0.25565        5546        659        3795
507        0.74135        0.25865        5483        656        3861
508        0.74485        0.25515        5514        617        3869
509        0.7445        0.2555        5536        646        3818
510        0.75285        0.24715        5629        572        3799
511        0.75175        0.24825        5662        627        3711
512        0.75325        0.24675        5667        602        3731
513        0.7513        0.2487        5635        609        3756
514        0.7491        0.2509        5616        634        3750
515        0.74665        0.25335        5596        663        3741
516        0.7506        0.2494        5648        636        3716
517        0.74535        0.25465        5567        660        3773
518        0.74225        0.25775        5482        637        3881
519        0.7402        0.2598        5495        691        3814
520        0.74485        0.25515        5571        674        3755
521        0.74055        0.25945        5489        678        3833
522        0.7519        0.2481        5671        633        3696
523        0.75775        0.24225        5735        580        3685
524        0.75935        0.24065        5762        575        3663
525        0.7617        0.2383        5795        561        3644
526        0.7681        0.2319        5904        542        3554
527        0.768        0.232        5852        492        3656
528        0.7669        0.2331        5900        562        3538
529        0.7616        0.2384        5778        546        3676
530        0.7604        0.2396        5798        590        3612
531        0.75695        0.24305        5734        595        3671
532        0.75445        0.24555        5731        642        3627
533        0.7659        0.2341        5853        535        3612
534        0.7678        0.2322        5881        525        3594
535        0.76705        0.23295        5865        524        3611
536        0.7686        0.2314        5941        569        3490
537        0.76745        0.23255        5864        515        3621
538        0.7704        0.2296        5926        518        3556
539        0.7722        0.2278        5989        545        3466
540        0.77665        0.22335        6021        488        3491
541        0.7716        0.2284        5937        505        3558
542        0.77575        0.22425        6024        509        3467
543        0.7803        0.2197        6097        491        3412
544        0.777        0.223        6014        474        3512
545        0.77065        0.22935        5980        567        3453
546        0.7669        0.2331        5873        535        3592
547        0.76045        0.23955        5800        591        3609
548        0.75935        0.24065        5802        615        3583
549        0.76205        0.23795        5814        573        3613
550        0.7495        0.2505        5603        613        3784
551        0.74525        0.25475        5533        628        3839
552        0.75075        0.24925        5650        635        3715
553        0.7467        0.2533        5546        612        3842
554        0.75145        0.24855        5675        646        3679
555        0.75115        0.24885        5648        625        3727
556        0.7483        0.2517        5629        663        3708
557        0.7542        0.2458        5699        615        3686
558        0.7431        0.2569        5525        663        3812
559        0.7453        0.2547        5568        662        3770
560        0.7602        0.2398        5770        566        3664
561        0.7613        0.2387        5793        567        3640
562        0.76825        0.23175        5888        523        3589
563        0.76595        0.23405        5891        572        3537
564        0.75245        0.24755        5647        598        3755
565        0.7503        0.2497        5642        636        3722
566        0.75365        0.24635        5688        615        3697
567        0.75405        0.24595        5693        612        3695
568        0.74365        0.25635        5485        612        3903
569        0.7408        0.2592        5501        685        3814
570        0.74865        0.25135        5574        601        3825
571        0.74045        0.25955        5432        623        3945
572        0.7431        0.2569        5522        660        3818
573        0.73665        0.26335        5463        730        3807
574        0.7344        0.2656        5385        697        3918
575        0.7335        0.2665        5381        711        3908
576        0.73565        0.26435        5429        716        3855
577        0.737        0.263        5415        675        3910
578        0.7432        0.2568        5514        650        3836
579        0.74315        0.25685        5532        669        3799
580        0.7421        0.2579        5481        639        3880
581        0.73585        0.26415        5431        714        3855
582        0.7368        0.2632        5464        728        3808
583        0.7373        0.2627        5442        696        3862
584        0.7328        0.2672        5396        740        3864
585        0.7274        0.2726        5294        746        3960
586        0.7259        0.2741        5269        751        3980
587        0.7272        0.2728        5334        790        3876
588        0.73345        0.26655        5368        699        3933
589        0.7359        0.2641        5407        689        3904
590        0.7451        0.2549        5537        635        3828
591        0.7469        0.2531        5601        663        3736
592        0.7388        0.2612        5454        678        3868
593        0.73875        0.26125        5412        637        3951
594        0.73675        0.26325        5447        712        3841
595        0.73945        0.26055        5498        709        3793
596        0.73025        0.26975        5327        722        3951
597        0.73665        0.26335        5406        673        3921
598        0.7435        0.2565        5499        629        3872
599        0.74975        0.25025        5613        618        3769
600        0.7454        0.2546        5554        646        3800
601        0.74555        0.25445        5560        649        3791
602        0.7473        0.2527        5592        646        3762
603        0.75135        0.24865        5655        628        3717
604        0.7565        0.2435        5712        582        3706
605        0.7577        0.2423        5759        605        3636
606        0.76135        0.23865        5771        544        3685
607        0.7498        0.2502        5613        617        3770
608        0.75115        0.24885        5620        597        3783
609        0.7492        0.2508        5620        636        3744
610        0.7536        0.2464        5682        610        3708
611        0.7484        0.2516        5590        622        3788
612        0.7532        0.2468        5686        622        3692
613        0.75375        0.24625        5682        607        3711
614        0.7539        0.2461        5676        598        3726
615        0.75295        0.24705        5694        635        3671
616        0.75625        0.24375        5713        588        3699
617        0.76045        0.23955        5770        561        3669
618        0.771        0.229        5959        539        3502
619        0.7661        0.2339        5900        578        3522
620        0.76455        0.23545        5830        539        3631
621        0.75815        0.24185        5776        613        3611
622        0.7534        0.2466        5694        626        3680
623        0.75685        0.24315        5730        593        3677
624        0.76345        0.23655        5837        568        3595
625        0.7655        0.2345        5872        562        3566
626        0.76955        0.23045        5937        546        3517
627        0.78085        0.21915        6091        474        3435
628        0.78015        0.21985        6081        478        3441
629        0.7798        0.2202        6082        486        3432
630        0.7725        0.2275        5978        528        3494
631        0.77        0.23        5929        529        3542
632        0.76365        0.23635        5847        574        3579
633        0.7727        0.2273        5969        515        3516
634        0.7722        0.2278        5975        531        3494
635        0.7704        0.2296        5943        535        3522
636        0.78275        0.21725        6153        498        3349
637        0.7885        0.2115        6237        467        3296
638        0.7903        0.2097        6210        404        3386
639        0.7973        0.2027        6342        396        3262
640        0.80235        0.19765        6456        409        3135
641        0.80775        0.19225        6527        372        3101
642        0.81605        0.18395        6660        339        3001
643        0.8168        0.1832        6658        322        3020
644        0.8188        0.1812        6707        331        2962
645        0.81725        0.18275        6688        343        2969
646        0.8116        0.1884        6561        329        3110
647        0.80835        0.19165        6528        361        3111
648        0.80245        0.19755        6481        432        3087
649        0.79875        0.20125        6384        409        3207
650        0.79445        0.20555        6305        416        3279
651        0.80645        0.19355        6486        357        3157
652        0.8068        0.1932        6523        387        3090
653        0.80365        0.19635        6448        375        3177
654        0.7978        0.2022        6343        387        3270
655        0.80145        0.19855        6412        383        3205
656        0.79975        0.20025        6394        399        3207
657        0.7939        0.2061        6275        397        3328
658        0.80195        0.19805        6466        427        3107
659        0.8035        0.1965        6475        405        3120
660        0.8016        0.1984        6425        393        3182
661        0.80525        0.19475        6464        359        3177
662        0.80375        0.19625        6457        382        3161
663        0.80225        0.19775        6416        371        3213
664        0.79375        0.20625        6265        390        3345
665        0.7895        0.2105        6240        450        3310
666        0.7915        0.2085        6294        464        3242
667        0.7839        0.2161        6111        433        3456
668        0.7743        0.2257        5982        496        3522
669        0.7801        0.2199        6081        479        3440
670        0.78185        0.21815        6100        463        3437
671        0.79045        0.20955        6231        422        3347
672        0.78805        0.21195        6189        428        3383
673        0.78305        0.21695        6129        468        3403
674        0.7915        0.2085        6253        423        3324
675        0.80275        0.19725        6467        412        3121
676        0.80065        0.19935        6420        407        3173
677        0.79965        0.20035        6401        408        3191
678        0.7863        0.2137        6181        455        3364
679        0.77375        0.22625        5970        495        3535
680        0.7748        0.2252        5992        496        3512
681        0.77355        0.22645        5983        512        3505
682        0.7728        0.2272        5968        512        3520
683        0.77165        0.22835        5950        517        3533
684        0.77445        0.22555        6019        530        3451
685        0.779        0.221        6062        482        3456
686        0.78285        0.21715        6097        440        3463
687        0.7739        0.2261        5978        500        3522
688        0.77015        0.22985        5955        552        3493
689        0.773        0.227        6005        545        3450
690        0.76895        0.23105        5900        521        3579
691        0.7689        0.2311        5892        514        3594
692        0.76365        0.23635        5798        525        3677
693        0.7653        0.2347        5867        561        3572
694        0.7568        0.2432        5735        599        3666
695        0.7608        0.2392        5788        572        3640
696        0.757        0.243        5728        588        3684
697        0.75655        0.24345        5754        623        3623
698        0.75345        0.24655        5674        605        3721
699        0.74415        0.25585        5534        651        3815
700        0.7448        0.2552        5554        658        3788
701        0.7412        0.2588        5514        690        3796
702        0.7424        0.2576        5537        689        3774
703        0.7429        0.2571        5475        617        3908
704        0.74795        0.25205        5585        626        3789
705        0.74775        0.25225        5577        622        3801
706        0.7503        0.2497        5636        630        3734
707        0.74895        0.25105        5602        623        3775
708        0.76        0.24        5765        565        3670
709        0.76065        0.23935        5812        599        3589
710        0.7582        0.2418        5741        577        3682
711        0.753        0.247        5644        584        3772
712        0.7458        0.2542        5580        664        3756
713        0.7495        0.2505        5626        636        3738
714        0.7495        0.2505        5621        631        3748
715        0.75055        0.24945        5646        635        3719
716        0.7503        0.2497        5621        615        3764
717        0.7589        0.2411        5749        571        3680
718        0.76145        0.23855        5818        589        3593
719        0.76755        0.23245        5894        543        3563
720        0.765        0.235        5855        555        3590
721        0.76355        0.23645        5833        562        3605
722        0.76475        0.23525        5853        558        3589
723        0.7742        0.2258        5964        480        3556
724        0.7694        0.2306        5867        479        3654
725        0.76435        0.23565        5833        546        3621
726        0.76945        0.23055        5939        550        3511
727        0.777        0.223        6048        508        3444
728        0.78385        0.21615        6104        427        3469
729        0.7878        0.2122        6220        464        3316
730        0.787        0.213        6170        430        3400
731        0.7837        0.2163        6162        488        3350
732        0.7891        0.2109        6254        472        3274
733        0.78395        0.21605        6132        453        3415
734        0.7736        0.2264        5961        489        3550
735        0.769        0.231        5921        541        3538
736        0.76605        0.23395        5846        525        3629
737        0.76375        0.23625        5862        587        3551
738        0.771        0.229        5958        538        3504
739        0.77205        0.22795        5996        555        3449
740        0.77475        0.22525        6013        518        3469
741        0.7713        0.2287        5953        527        3520
742        0.7744        0.2256        5994        506        3500
743        0.77925        0.22075        6093        508        3399
744        0.77695        0.22305        5994        455        3551
745        0.7831        0.2169        6131        469        3400
746        0.79275        0.20725        6260        405        3335
747        0.79555        0.20445        6338        427        3235
748        0.79115        0.20885        6284        461        3255
749        0.78325        0.21675        6136        471        3393
750        0.7898        0.2102        6246        450        3304
751        0.79405        0.20595        6310        429        3261
752        0.79315        0.20685        6290        427        3283
753        0.7986        0.2014        6376        404        3220
754        0.7976        0.2024        6376        424        3200
755        0.7892        0.2108        6223        439        3338
756        0.79015        0.20985        6232        429        3339
757        0.78915        0.21085        6227        444        3329
758        0.7873        0.2127        6183        437        3380
759        0.79545        0.20455        6330        421        3249
760        0.7935        0.2065        6275        405        3320
761        0.78785        0.21215        6198        441        3361
762        0.7951        0.2049        6313        411        3276
763        0.7962        0.2038        6362        438        3200
764        0.7962        0.2038        6343        419        3238
765        0.7942        0.2058        6319        435        3246
766        0.8028        0.1972        6454        398        3148
767        0.80085        0.19915        6411        394        3195
768        0.80295        0.19705        6461        402        3137
769        0.8054        0.1946        6474        366        3160
770        0.80125        0.19875        6392        367        3241
771        0.80725        0.19275        6522        377        3101
772        0.81975        0.18025        6713        318        2969
773        0.82        0.18        6695        295        3010
774        0.8216        0.1784        6750        318        2932
775        0.8145        0.1855        6621        331        3048
776        0.8127        0.1873        6615        361        3024
777        0.80975        0.19025        6546        351        3103
778        0.8069        0.1931        6496        358        3146
779        0.80485        0.19515        6470        373        3157
780        0.8014        0.1986        6430        402        3168
781        0.80215        0.19785        6483        440        3077
782        0.7951        0.2049        6318        416        3266
783        0.7975        0.2025        6364        414        3222
784        0.79075        0.20925        6282        467        3251
785        0.7935        0.2065        6299        429        3272
786        0.78985        0.21015        6241        444        3315
787        0.7949        0.2051        6337        439        3224
788        0.80795        0.19205        6538        379        3083
789        0.8097        0.1903        6556        362        3082
790        0.81245        0.18755        6610        361        3029
791        0.82425        0.17575        6842        357        2801
792        0.82115        0.17885        6754        331        2915
793        0.81895        0.18105        6698        319        2983
794        0.81415        0.18585        6627        344        3029
795        0.8103        0.1897        6571        365        3064
796        0.8137        0.1863        6622        348        3030
797        0.8201        0.1799        6699        297        3004
798        0.8184        0.1816        6692        324        2984
799        0.8301        0.1699        6899        297        2804
800        0.82435        0.17565        6799        312        2889
801        0.81755        0.18245        6676        325        2999
802        0.8242        0.1758        6785        301        2914
803        0.82555        0.17445        6808        297        2895
804        0.8293        0.1707        6892        306        2802
805        0.83205        0.16795        6918        277        2805
806        0.8304        0.1696        6901        293        2806
807        0.8276        0.1724        6837        285        2878
808        0.83045        0.16955        6882        273        2845
809        0.8361        0.1639        7012        290        2698
810        0.83945        0.16055        7041        252        2707
811        0.84145        0.15855        7068        239        2693
812        0.8374        0.1626        7018        270        2712
813        0.841        0.159        7084        264        2652
814        0.84455        0.15545        7132        241        2627
815        0.84405        0.15595        7124        243        2633
816        0.84965        0.15035        7211        218        2571
817        0.8546        0.1454        7289        197        2514
818        0.85105        0.14895        7240        219        2541
819        0.84595        0.15405        7160        241        2599
820        0.83775        0.16225        7042        287        2671
821        0.8406        0.1594        7070        258        2672
822        0.84695        0.15305        7188        249        2563
823        0.84405        0.15595        7141        260        2599
824        0.84455        0.15545        7124        233        2643
825        0.84445        0.15555        7138        249        2613
826        0.8465        0.1535        7167        237        2596
827        0.8434        0.1566        7112        244        2644
828        0.857        0.143        7339        199        2462
829        0.86235        0.13765        7406        159        2435
830        0.85735        0.14265        7348        201        2451
831        0.8561        0.1439        7331        209        2460
832        0.8546        0.1454        7315        223        2462
833        0.8626        0.1374        7450        198        2352
834        0.87035        0.12965        7569        162        2269
835        0.87475        0.12525        7644        149        2207
836        0.87645        0.12355        7680        151        2169
837        0.8705        0.1295        7571        161        2268
838        0.86525        0.13475        7493        188        2319
839        0.86375        0.13625        7466        191        2343
840        0.8611        0.1389        7438        216        2346
841        0.86415        0.13585        7469        186        2345
842        0.8601        0.1399        7375        173        2452
843        0.8624        0.1376        7452        204        2344
844        0.8619        0.1381        7408        170        2422
845        0.86125        0.13875        7421        196        2383
846        0.8653        0.1347        7510        204        2286
847        0.86725        0.13275        7507        162        2331
848        0.86915        0.13085        7535        152        2313
849        0.8616        0.1384        7430        198        2372
850        0.8565        0.1435        7332        202        2466
851        0.86305        0.13695        7472        211        2317
852        0.872        0.128        7594        154        2252
853        0.8682        0.1318        7542        178        2280
854        0.86605        0.13395        7515        194        2291
855        0.86775        0.13225        7528        173        2299
856        0.86975        0.13025        7561        166        2273
857        0.87115        0.12885        7604        181        2215
858        0.8676        0.1324        7518        166        2316
859        0.87055        0.12945        7583        172        2245
860        0.8679        0.1321        7545        187        2268
861        0.87035        0.12965        7594        187        2219
862        0.8701        0.1299        7556        154        2290
863        0.86415        0.13585        7476        193        2331
864        0.8569        0.1431        7346        208        2446
865        0.86235        0.13765        7445        198        2357
866        0.86245        0.13755        7433        184        2383
867        0.86945        0.13055        7562        173        2265
868        0.8809        0.1191        7747        129        2124
869        0.8772        0.1228        7698        154        2148
870        0.8698        0.1302        7570        174        2256
871        0.86205        0.13795        7423        182        2395
872        0.86055        0.13945        7418        207        2375
873        0.857        0.143        7365        225        2410
874        0.85535        0.14465        7326        219        2455
875        0.8515        0.1485        7258        228        2514
876        0.84435        0.15565        7126        239        2635
877        0.8404        0.1596        7069        261        2670
878        0.83605        0.16395        6986        265        2749
879        0.8378        0.1622        7033        277        2690
880        0.8461        0.1539        7166        244        2590
881        0.84745        0.15255        7158        209        2633
882        0.8488        0.1512        7195        219        2586
883        0.8447        0.1553        7098        204        2698
884        0.8447        0.1553        7137        243        2620
885        0.83825        0.16175        7032        267        2701
886        0.84575        0.15425        7156        241        2603
887        0.84365        0.15635        7110        237        2653
888        0.83995        0.16005        7050        251        2699
889        0.8426        0.1574        7075        223        2702
890        0.83715        0.16285        7020        277        2703
891        0.8402        0.1598        7047        243        2710
892        0.84125        0.15875        7085        260        2655
893        0.85        0.15        7217        217        2566
894        0.84495        0.15505        7121        222        2657
895        0.84615        0.15385        7163        240        2597
896        0.85565        0.14435        7332        219        2449
897        0.8496        0.1504        7218        226        2556
898        0.84395        0.15605        7120        241        2639
899        0.8479        0.1521        7187        229        2584
900        0.83915        0.16085        7028        245        2727
901        0.8416        0.1584        7077        245        2678
902        0.84465        0.15535        7120        227        2653
903        0.8405        0.1595        7075        265        2660
904        0.8424        0.1576        7092        244        2664
905        0.84485        0.15515        7141        244        2615
906        0.8394        0.1606        7056        268        2676
907        0.8437        0.1563        7119        245        2636
908        0.85085        0.14915        7222        205        2573
909        0.85145        0.14855        7241        212        2547
910        0.8423        0.1577        7098        252        2650
911        0.8349        0.1651        6951        253        2796
912        0.838        0.162        7013        253        2734
913        0.84375        0.15625        7139        264        2597
914        0.84005        0.15995        7095        294        2611
915        0.83775        0.16225        6995        240        2765
916        0.8316        0.1684        6902        270        2828
917        0.82985        0.17015        6862        265        2873
918        0.8286        0.1714        6864        292        2844
919        0.81695        0.18305        6664        325        3011
920        0.8222        0.1778        6776        332        2892
921        0.82525        0.17475        6821        316        2863
922        0.81765        0.18235        6693        340        2967
923        0.81695        0.18305        6689        350        2961
924        0.81565        0.18435        6654        341        3005
925        0.81585        0.18415        6640        323        3037
926        0.8114        0.1886        6560        332        3108
927        0.8109        0.1891        6572        354        3074
928        0.8168        0.1832        6664        328        3008
929        0.81545        0.18455        6642        333        3025
930        0.81705        0.18295        6681        340        2979
931        0.80985        0.19015        6562        365        3073
932        0.81105        0.18895        6568        347        3085
933        0.80895        0.19105        6563        384        3053
934        0.8058        0.1942        6507        391        3102
935        0.8065        0.1935        6499        369        3132
936        0.804        0.196        6434        354        3212
937        0.802        0.198        6436        396        3168
938        0.8        0.2        6424        424        3152
939        0.80665        0.19335        6495        362        3143
940        0.8009        0.1991        6402        384        3214
941        0.8036        0.1964        6435        363        3202
942        0.8126        0.1874        6596        344        3060
943        0.80495        0.19505        6487        388        3125
944        0.80125        0.19875        6410        385        3205
945        0.8071        0.1929        6536        394        3070
946        0.79965        0.20035        6428        435        3137
947        0.79505        0.20495        6316        415        3269
948        0.79725        0.20275        6365        420        3215
949        0.79625        0.20375        6328        403        3269
950        0.7896        0.2104        6239        447        3314
951        0.7878        0.2122        6221        465        3314
952        0.78455        0.21545        6158        467        3375
953        0.7802        0.2198        6094        490        3416
954        0.77725        0.22275        6048        503        3449
955        0.7773        0.2227        6039        493        3468
956        0.76505        0.23495        5836        535        3629
957        0.76625        0.23375        5870        545        3585
958        0.7734        0.2266        6010        542        3448
959        0.7711        0.2289        5982        560        3458
960        0.77695        0.22305        6029        490        3481
961        0.774        0.226        5990        510        3500
962        0.7742        0.2258        6015        531        3454
963        0.76715        0.23285        5878        535        3587
964        0.7665        0.2335        5865        535        3600
965        0.763        0.237        5808        548        3644
966        0.76125        0.23875        5774        549        3677
967        0.74495        0.25505        5542        643        3815
968        0.747        0.253        5579        639        3782
969        0.74645        0.25355        5562        633        3805
970        0.74855        0.25145        5579        608        3813
971        0.74165        0.25835        5511        678        3811
972        0.7384        0.2616        5462        694        3844
973        0.74925        0.25075        5637        652        3711
974        0.7437        0.2563        5540        666        3794
975        0.7443        0.2557        5559        673        3768
976        0.7491        0.2509        5607        625        3768
977        0.7504        0.2496        5613        605        3782
978        0.7488        0.2512        5570        594        3836
979        0.7395        0.2605        5499        709        3792
980        0.7443        0.2557        5522        636        3842
981        0.7503        0.2497        5604        598        3798
982        0.75275        0.24725        5679        624        3697
983        0.7409        0.2591        5494        676        3830
984        0.7483        0.2517        5604        638        3758
985        0.735        0.265        5413        713        3874
986        0.73135        0.26865        5376        749        3875
987        0.73225        0.26775        5346        701        3953
988        0.73605        0.26395        5384        663        3953
989        0.7335        0.2665        5375        705        3920
990        0.72495        0.27505        5289        790        3921
991        0.71475        0.28525        5109        814        4077
992        0.70195        0.29805        4907        868        4225
993        0.69715        0.30285        4872        929        4199
994        0.70125        0.29875        4900        875        4225
995        0.6946        0.3054        4839        947        4214
996        0.7        0.3        4916        916        4168
997        0.69875        0.30125        4874        899        4227
998        0.7087        0.2913        5046        872        4082
999        0.7019        0.2981        4944        906        4150
