t   p   q   AA   aa   Aa
0        0.4972        0.5028        2451        2507        5042
1        0.49995        0.50005        2479        2480        5041
2        0.5023        0.4977        2528        2482        4990
3        0.49615        0.50385        2456        2533        5011
4        0.48515        0.51485        2365        2662        4973
5        0.4859        0.5141        2364        2646        4990
6        0.4864        0.5136        2368        2640        4992
7        0.47825        0.52175        2307        2742        4951
8        0.4896        0.5104        2402        2610        4988
9        0.4965        0.5035        2449        2519        5032
10        0.4962        0.5038        2461        2537        5002
11        0.495        0.505        2511        2611        4878
12        0.4873        0.5127        2363        2617        5020
13        0.48635        0.51365        2381        2654        4965
14        0.49095        0.50905        2413        2594        4993
15        0.49425        0.50575        2443        2558        4999
16        0.50165        0.49835        2506        2473        5021
17        0.51705        0.48295        2676        2335        4989
18        0.5174        0.4826        2717        2369        4914
19        0.5133        0.4867        2640        2374        4986
20        0.51535        0.48465        2719        2412        4869
21        0.50735        0.49265        2569        2422        5009
22        0.4989        0.5011        2543        2565        4892
23        0.4999        0.5001        2510        2512        4978
24        0.5013        0.4987        2536        2510        4954
25        0.4866        0.5134        2371        2639        4990
26        0.48845        0.51155        2408        2639        4953
27        0.47725        0.52275        2253        2708        5039
28        0.47515        0.52485        2235        2732        5033
29        0.4763        0.5237        2271        2745        4984
30        0.47405        0.52595        2257        2776        4967
31        0.4752        0.5248        2280        2776        4944
32        0.47565        0.52435        2207        2694        5099
33        0.48        0.52        2334        2734        4932
34        0.4777        0.5223        2263        2709        5028
35        0.48285        0.51715        2311        2654        5035
36        0.4855        0.5145        2329        2619        5052
37        0.49535        0.50465        2470        2563        4967
38        0.50315        0.49685        2509        2446        5045
39        0.50465        0.49535        2581        2488        4931
40        0.48565        0.51435        2386        2673        4941
41        0.4731        0.5269        2213        2751        5036
42        0.4654        0.5346        2174        2866        4960
43        0.46435        0.53565        2139        2852        5009
44        0.45795        0.54205        2087        2928        4985
45        0.45955        0.54045        2085        2894        5021
46        0.4641        0.5359        2155        2873        4972
47        0.47915        0.52085        2343        2760        4897
48        0.46795        0.53205        2193        2834        4973
49        0.47275        0.52725        2236        2781        4983
50        0.48485        0.51515        2325        2628        5047
51        0.4757        0.5243        2257        2743        5000
52        0.46695        0.53305        2181        2842        4977
53        0.4655        0.5345        2186        2876        4938
54        0.47145        0.52855        2183        2754        5063
55        0.4732        0.5268        2230        2766        5004
56        0.47585        0.52415        2256        2739        5005
57        0.4811        0.5189        2326        2704        4970
58        0.48355        0.51645        2262        2591        5147
59        0.483        0.517        2290        2630        5080
60        0.48435        0.51565        2326        2639        5035
61        0.4873        0.5127        2374        2628        4998
62        0.48945        0.51055        2406        2617        4977
63        0.49415        0.50585        2418        2535        5047
64        0.49155        0.50845        2447        2616        4937
65        0.48925        0.51075        2401        2616        4983
66        0.493        0.507        2442        2582        4976
67        0.49445        0.50555        2469        2580        4951
68        0.4845        0.5155        2318        2628        5054
69        0.4725        0.5275        2205        2755        5040
70        0.48075        0.51925        2303        2688        5009
71        0.47885        0.52115        2282        2705        5013
72        0.48525        0.51475        2363        2658        4979
73        0.4876        0.5124        2374        2622        5004
74        0.4869        0.5131        2378        2640        4982
75        0.49225        0.50775        2407        2562        5031
76        0.4927        0.5073        2442        2588        4970
77        0.48905        0.51095        2400        2619        4981
78        0.47915        0.52085        2298        2715        4987
79        0.4729        0.5271        2229        2771        5000
80        0.4824        0.5176        2333        2685        4982
81        0.49055        0.50945        2371        2560        5069
82        0.48745        0.51255        2387        2638        4975
83        0.48095        0.51905        2253        2634        5113
84        0.4708        0.5292        2200        2784        5016
85        0.47155        0.52845        2221        2790        4989
86        0.46895        0.53105        2220        2841        4939
87        0.4654        0.5346        2183        2875        4942
88        0.4727        0.5273        2227        2773        5000
89        0.46805        0.53195        2219        2858        4923
90        0.47025        0.52975        2190        2785        5025
91        0.46815        0.53185        2205        2842        4953
92        0.47405        0.52595        2250        2769        4981
93        0.47595        0.52405        2294        2775        4931
94        0.48        0.52        2314        2714        4972
95        0.46805        0.53195        2234        2873        4893
96        0.472        0.528        2225        2785        4990
97        0.47445        0.52555        2235        2746        5019
98        0.48775        0.51225        2419        2664        4917
99        0.49915        0.50085        2466        2483        5051
100        0.49855        0.50145        2427        2456        5117
101        0.5029        0.4971        2538        2480        4982
102        0.4947        0.5053        2447        2553        5000
103        0.49245        0.50755        2447        2598        4955
104        0.4991        0.5009        2458        2476        5066
105        0.50315        0.49685        2590        2527        4883
106        0.49195        0.50805        2410        2571        5019
107        0.49155        0.50845        2400        2569        5031
108        0.4912        0.5088        2390        2566        5044
109        0.49305        0.50695        2433        2572        4995
110        0.486        0.514        2337        2617        5046
111        0.48735        0.51265        2429        2682        4889
112        0.4853        0.5147        2350        2644        5006
113        0.48515        0.51485        2373        2670        4957
114        0.4878        0.5122        2385        2629        4986
115        0.4898        0.5102        2390        2594        5016
116        0.49405        0.50595        2470        2589        4941
117        0.4923        0.5077        2425        2579        4996
118        0.487        0.513        2367        2627        5006
119        0.49445        0.50555        2420        2531        5049
120        0.49385        0.50615        2455        2578        4967
121        0.49695        0.50305        2451        2512        5037
122        0.49795        0.50205        2489        2530        4981
123        0.5092        0.4908        2534        2350        5116
124        0.51035        0.48965        2675        2468        4857
125        0.51405        0.48595        2648        2367        4985
126        0.5183        0.4817        2702        2336        4962
127        0.51995        0.48005        2663        2264        5073
128        0.5268        0.4732        2782        2246        4972
129        0.54015        0.45985        2902        2099        4999
130        0.54635        0.45365        2986        2059        4955
131        0.55        0.45        2976        1976        5048
132        0.541        0.459        2937        2117        4946
133        0.52725        0.47275        2748        2203        5049
134        0.52375        0.47625        2741        2266        4993
135        0.52845        0.47155        2846        2277        4877
136        0.53275        0.46725        2859        2204        4937
137        0.54095        0.45905        2952        2133        4915
138        0.5396        0.4604        2883        2091        5026
139        0.53125        0.46875        2836        2211        4953
140        0.5225        0.4775        2746        2296        4958
141        0.52685        0.47315        2773        2236        4991
142        0.5321        0.4679        2810        2168        5022
143        0.53095        0.46905        2828        2209        4963
144        0.53955        0.46045        2902        2111        4987
145        0.5503        0.4497        3033        2027        4940
146        0.5605        0.4395        3188        1978        4834
147        0.55505        0.44495        3090        1989        4921
148        0.5506        0.4494        3026        2014        4960
149        0.5421        0.4579        2950        2108        4942
150        0.53145        0.46855        2798        2169        5033
151        0.53455        0.46545        2816        2125        5059
152        0.532        0.468        2827        2187        4986
153        0.5369        0.4631        2866        2128        5006
154        0.54275        0.45725        2983        2128        4889
155        0.54015        0.45985        2894        2091        5015
156        0.5531        0.4469        3041        1979        4980
157        0.54815        0.45185        2969        2006        5025
158        0.55315        0.44685        3012        1949        5039
159        0.5497        0.4503        3049        2055        4896
160        0.5524        0.4476        3080        2032        4888
161        0.5465        0.4535        2979        2049        4972
162        0.5303        0.4697        2798        2192        5010
163        0.53885        0.46115        2917        2140        4943
164        0.5332        0.4668        2832        2168        5000
165        0.52575        0.47425        2749        2234        5017
166        0.52665        0.47335        2762        2229        5009
167        0.5143        0.4857        2612        2326        5062
168        0.5108        0.4892        2633        2417        4950
169        0.5083        0.4917        2564        2398        5038
170        0.5212        0.4788        2731        2307        4962
171        0.51575        0.48425        2706        2391        4903
172        0.52335        0.47665        2709        2242        5049
173        0.52945        0.47055        2771        2182        5047
174        0.5358        0.4642        2866        2150        4984
175        0.537        0.463        2839        2099        5062
176        0.5287        0.4713        2717        2143        5140
177        0.5193        0.4807        2667        2281        5052
178        0.51485        0.48515        2647        2350        5003
179        0.5081        0.4919        2612        2450        4938
180        0.50135        0.49865        2477        2450        5073
181        0.5031        0.4969        2504        2442        5054
182        0.492        0.508        2438        2598        4964
183        0.49175        0.50825        2410        2575        5015
184        0.48575        0.51425        2350        2635        5015
185        0.4771        0.5229        2258        2716        5026
186        0.4774        0.5226        2271        2723        5006
187        0.4756        0.5244        2258        2746        4996
188        0.4676        0.5324        2219        2867        4914
189        0.45835        0.54165        2106        2939        4955
190        0.45255        0.54745        2019        2968        5013
191        0.45995        0.54005        2119        2920        4961
192        0.46255        0.53745        2158        2907        4935
193        0.46535        0.53465        2147        2840        5013
194        0.4593        0.5407        2107        2921        4972
195        0.45975        0.54025        2074        2879        5047
196        0.4629        0.5371        2128        2870        5002
197        0.4588        0.5412        2104        2928        4968
198        0.45245        0.54755        2018        2969        5013
199        0.45385        0.54615        2069        2992        4939
200        0.44935        0.55065        2053        3066        4881
201        0.43595        0.56405        1830        3111        5059
202        0.4413        0.5587        1962        3136        4902
203        0.4432        0.5568        1967        3103        4930
204        0.4496        0.5504        2040        3048        4912
205        0.4543        0.5457        2085        2999        4916
206        0.45985        0.54015        2045        2848        5107
207        0.4544        0.5456        2108        3020        4872
208        0.45435        0.54565        2051        2964        4985
209        0.46385        0.53615        2149        2872        4979
210        0.47495        0.52505        2234        2735        5031
211        0.4823        0.5177        2308        2662        5030
212        0.4829        0.5171        2310        2652        5038
213        0.47995        0.52005        2327        2728        4945
214        0.48645        0.51355        2373        2644        4983
215        0.48035        0.51965        2288        2681        5031
216        0.47215        0.52785        2170        2727        5103
217        0.4613        0.5387        2130        2904        4966
218        0.45255        0.54745        2056        3005        4939
219        0.45275        0.54725        2070        3015        4915
220        0.4538        0.5462        2049        2973        4978
221        0.45995        0.54005        2150        2951        4899
222        0.45445        0.54555        2069        2980        4951
223        0.4282        0.5718        1829        3265        4906
224        0.4194        0.5806        1761        3373        4866
225        0.42385        0.57615        1805        3328        4867
226        0.42005        0.57995        1718        3317        4965
227        0.41845        0.58155        1743        3374        4883
228        0.4281        0.5719        1822        3260        4918
229        0.4222        0.5778        1825        3381        4794
230        0.42295        0.57705        1799        3340        4861
231        0.4174        0.5826        1755        3407        4838
232        0.4258        0.5742        1819        3303        4878
233        0.42505        0.57495        1790        3289        4921
234        0.42205        0.57795        1822        3381        4797
235        0.4166        0.5834        1788        3456        4756
236        0.4145        0.5855        1702        3412        4886
237        0.41015        0.58985        1737        3534        4729
238        0.41235        0.58765        1705        3458        4837
239        0.41325        0.58675        1684        3419        4897
240        0.42345        0.57655        1770        3301        4929
241        0.42895        0.57105        1840        3261        4899
242        0.435        0.565        1878        3178        4944
243        0.43655        0.56345        1960        3229        4811
244        0.4426        0.5574        1941        3089        4970
245        0.4495        0.5505        2023        3033        4944
246        0.4449        0.5551        1975        3077        4948
247        0.4378        0.5622        1928        3172        4900
248        0.443        0.557        1968        3108        4924
249        0.4411        0.5589        1926        3104        4970
250        0.43955        0.56045        1961        3170        4869
251        0.43805        0.56195        1880        3119        5001
252        0.4453        0.5547        1995        3089        4916
253        0.44255        0.55745        1964        3113        4923
254        0.4356        0.5644        1884        3172        4944
255        0.43495        0.56505        1888        3189        4923
256        0.43515        0.56485        1858        3155        4987
257        0.4315        0.5685        1867        3237        4896
258        0.44445        0.55555        2000        3111        4889
259        0.438        0.562        1869        3109        5022
260        0.4274        0.5726        1792        3244        4964
261        0.42535        0.57465        1784        3277        4939
262        0.4196        0.5804        1782        3390        4828
263        0.4274        0.5726        1828        3280        4892
264        0.42435        0.57565        1858        3371        4771
265        0.4256        0.5744        1770        3258        4972
266        0.4359        0.5641        1913        3195        4892
267        0.42755        0.57245        1813        3262        4925
268        0.42925        0.57075        1834        3249        4917
269        0.4407        0.5593        1955        3141        4904
270        0.4383        0.5617        1907        3141        4952
271        0.43925        0.56075        1884        3099        5017
272        0.44785        0.55215        1990        3033        4977
273        0.44365        0.55635        1995        3122        4883
274        0.45125        0.54875        2043        3018        4939
275        0.439        0.561        1951        3171        4878
276        0.43875        0.56125        1933        3158        4909
277        0.43425        0.56575        1854        3169        4977
278        0.41885        0.58115        1731        3354        4915
279        0.41275        0.58725        1685        3430        4885
280        0.42075        0.57925        1753        3338        4909
281        0.41195        0.58805        1717        3478        4805
282        0.41035        0.58965        1683        3476        4841
283        0.41765        0.58235        1741        3388        4871
284        0.41155        0.58845        1705        3474        4821
285        0.40605        0.59395        1662        3541        4797
286        0.41065        0.58935        1657        3444        4899
287        0.4037        0.5963        1595        3521        4884
288        0.4034        0.5966        1611        3543        4846
289        0.40475        0.59525        1661        3566        4773
290        0.41915        0.58085        1769        3386        4845
291        0.4108        0.5892        1657        3441        4902
292        0.4216        0.5784        1773        3341        4886
293        0.42725        0.57275        1835        3290        4875
294        0.4328        0.5672        1858        3202        4940
295        0.43635        0.56365        1919        3192        4889
296        0.4342        0.5658        1880        3196        4924
297        0.4463        0.5537        2023        3097        4880
298        0.44535        0.55465        1994        3087        4919
299        0.4468        0.5532        1977        3041        4982
300        0.4426        0.5574        1990        3138        4872
301        0.4495        0.5505        2033        3043        4924
302        0.44685        0.55315        1973        3036        4991
303        0.43925        0.56075        1969        3184        4847
304        0.44125        0.55875        1914        3089        4997
305        0.44035        0.55965        1919        3112        4969
306        0.4462        0.5538        1987        3063        4950
307        0.4527        0.5473        2027        2973        5000
308        0.46595        0.53405        2205        2886        4909
309        0.47105        0.52895        2212        2791        4997
310        0.46915        0.53085        2170        2787        5043
311        0.478        0.522        2254        2694        5052
312        0.4816        0.5184        2282        2650        5068
313        0.49055        0.50945        2421        2610        4969
314        0.4918        0.5082        2420        2584        4996
315        0.48815        0.51185        2345        2582        5073
316        0.489        0.511        2416        2636        4948
317        0.48405        0.51595        2313        2632        5055
318        0.47795        0.52205        2238        2679        5083
319        0.48075        0.51925        2351        2736        4913
320        0.48275        0.51725        2380        2725        4895
321        0.4816        0.5184        2343        2711        4946
322        0.4716        0.5284        2219        2787        4994
323        0.46835        0.53165        2206        2839        4955
324        0.46765        0.53235        2163        2810        5027
325        0.46185        0.53815        2097        2860        5043
326        0.47425        0.52575        2217        2732        5051
327        0.4776        0.5224        2315        2763        4922
328        0.47295        0.52705        2291        2832        4877
329        0.46045        0.53955        2151        2942        4907
330        0.457        0.543        2068        2928        5004
331        0.4612        0.5388        2103        2879        5018
332        0.45575        0.54425        2064        2949        4987
333        0.457        0.543        2089        2949        4962
334        0.45145        0.54855        2016        2987        4997
335        0.4471        0.5529        1986        3044        4970
336        0.4532        0.5468        2086        3022        4892
337        0.4482        0.5518        2007        3043        4950
338        0.44035        0.55965        1960        3153        4887
339        0.43705        0.56295        1927        3186        4887
340        0.43475        0.56525        1909        3214        4877
341        0.4341        0.5659        1874        3192        4934
342        0.4301        0.5699        1886        3284        4830
343        0.43335        0.56665        1870        3203        4927
344        0.44355        0.55645        1986        3115        4899
345        0.4389        0.5611        1928        3150        4922
346        0.43135        0.56865        1834        3207        4959
347        0.43565        0.56435        1890        3177        4933
348        0.4432        0.5568        1984        3120        4896
349        0.4461        0.5539        2001        3079        4920
350        0.45715        0.54285        2122        2979        4899
351        0.4572        0.5428        2081        2937        4982
352        0.4677        0.5323        2217        2863        4920
353        0.4699        0.5301        2228        2830        4942
354        0.46595        0.53405        2117        2798        5085
355        0.46575        0.53425        2149        2834        5017
356        0.4719        0.5281        2235        2797        4968
357        0.46445        0.53555        2166        2877        4957
358        0.4641        0.5359        2148        2866        4986
359        0.45125        0.54875        2035        3010        4955
360        0.45525        0.54475        2101        2996        4903
361        0.4473        0.5527        2033        3087        4880
362        0.4508        0.5492        2092        3076        4832
363        0.4518        0.5482        2059        3023        4918
364        0.45655        0.54345        2118        2987        4895
365        0.4659        0.5341        2171        2853        4976
366        0.45655        0.54345        2089        2958        4953
367        0.44425        0.55575        1966        3081        4953
368        0.43885        0.56115        1909        3132        4959
369        0.4335        0.5665        1872        3202        4926
370        0.43775        0.56225        1938        3183        4879
371        0.44085        0.55915        1985        3168        4847
372        0.44295        0.55705        1973        3114        4913
373        0.4451        0.5549        1948        3046        5006
374        0.4519        0.5481        2042        3004        4954
375        0.454        0.546        2064        2984        4952
376        0.47025        0.52975        2190        2785        5025
377        0.46315        0.53685        2141        2878        4981
378        0.4594        0.5406        2168        2980        4852
379        0.45995        0.54005        2066        2867        5067
380        0.4654        0.5346        2179        2871        4950
381        0.4597        0.5403        2121        2927        4952
382        0.45395        0.54605        2070        2991        4939
383        0.4585        0.5415        2131        2961        4908
384        0.46315        0.53685        2114        2851        5035
385        0.46045        0.53955        2148        2939        4913
386        0.4738        0.5262        2272        2796        4932
387        0.47175        0.52825        2274        2839        4887
388        0.47555        0.52445        2236        2725        5039
389        0.4707        0.5293        2214        2800        4986
390        0.4798        0.5202        2303        2707        4990
391        0.48915        0.51085        2386        2603        5011
392        0.49415        0.50585        2431        2548        5021
393        0.49195        0.50805        2379        2540        5081
394        0.49325        0.50675        2428        2563        5009
395        0.4973        0.5027        2510        2564        4926
396        0.4969        0.5031        2498        2560        4942
397        0.4893        0.5107        2337        2551        5112
398        0.4785        0.5215        2313        2743        4944
399        0.4809        0.5191        2299        2681        5020
400        0.4932        0.5068        2450        2586        4964
401        0.4914        0.5086        2403        2575        5022
402        0.49375        0.50625        2453        2578        4969
403        0.49535        0.50465        2482        2575        4943
404        0.5016        0.4984        2544        2512        4944
405        0.5005        0.4995        2471        2461        5068
406        0.4967        0.5033        2476        2542        4982
407        0.48945        0.51055        2420        2631        4949
408        0.48625        0.51375        2380        2655        4965
409        0.47935        0.52065        2278        2691        5031
410        0.47895        0.52105        2243        2664        5093
411        0.47655        0.52345        2314        2783        4903
412        0.4875        0.5125        2403        2653        4944
413        0.4955        0.5045        2440        2530        5030
414        0.4974        0.5026        2478        2530        4992
415        0.49525        0.50475        2484        2579        4937
416        0.4871        0.5129        2363        2621        5016
417        0.4959        0.5041        2481        2563        4956
418        0.4852        0.5148        2360        2656        4984
419        0.4833        0.5167        2306        2640        5054
420        0.48595        0.51405        2371        2652        4977
421        0.4843        0.5157        2368        2682        4950
422        0.4799        0.5201        2300        2702        4998
423        0.47645        0.52355        2259        2730        5011
424        0.4687        0.5313        2231        2857        4912
425        0.46785        0.53215        2168        2811        5021
426        0.46955        0.53045        2202        2811        4987
427        0.4643        0.5357        2118        2832        5050
428        0.457        0.543        2047        2907        5046
429        0.463        0.537        2090        2830        5080
430        0.47155        0.52845        2260        2829        4911
431        0.48385        0.51615        2338        2661        5001
432        0.4833        0.5167        2369        2703        4928
433        0.48975        0.51025        2392        2597        5011
434        0.4853        0.5147        2408        2702        4890
435        0.47895        0.52105        2279        2700        5021
436        0.4715        0.5285        2234        2804        4962
437        0.45735        0.54265        2102        2955        4943
438        0.45225        0.54775        2022        2977        5001
439        0.4533        0.5467        2044        2978        4978
440        0.44315        0.55685        1975        3112        4913
441        0.44295        0.55705        1937        3078        4985
442        0.4502        0.5498        2009        3005        4986
443        0.45165        0.54835        2068        3035        4897
444        0.45145        0.54855        2023        2994        4983
445        0.4606        0.5394        2130        2918        4952
446        0.47145        0.52855        2226        2797        4977
447        0.46465        0.53535        2139        2846        5015
448        0.4605        0.5395        2085        2875        5040
449        0.46445        0.53555        2186        2897        4917
450        0.46285        0.53715        2150        2893        4957
451        0.45235        0.54765        2010        2963        5027
452        0.4544        0.5456        2094        3006        4900
453        0.4557        0.5443        2093        2979        4928
454        0.4465        0.5535        2008        3078        4914
455        0.4546        0.5454        2101        3009        4890
456        0.4486        0.5514        2051        3079        4870
457        0.4491        0.5509        2005        3023        4972
458        0.4363        0.5637        1879        3153        4968
459        0.423        0.577        1810        3350        4840
460        0.42115        0.57885        1815        3392        4793
461        0.41045        0.58955        1665        3456        4879
462        0.4109        0.5891        1662        3444        4894
463        0.41125        0.58875        1741        3516        4743
464        0.40755        0.59245        1622        3471        4907
465        0.40345        0.59655        1668        3599        4733
466        0.40455        0.59545        1669        3578        4753
467        0.40685        0.59315        1617        3480        4903
468        0.4032        0.5968        1599        3535        4866
469        0.4042        0.5958        1622        3538        4840
470        0.40985        0.59015        1644        3447        4909
471        0.4185        0.5815        1730        3360        4910
472        0.42865        0.57135        1823        3250        4927
473        0.42925        0.57075        1838        3253        4909
474        0.4214        0.5786        1737        3309        4954
475        0.41915        0.58085        1771        3388        4841
476        0.41565        0.58435        1741        3428        4831
477        0.40455        0.59545        1679        3588        4733
478        0.40055        0.59945        1582        3571        4847
479        0.39915        0.60085        1599        3616        4785
480        0.39335        0.60665        1492        3625        4883
481        0.39135        0.60865        1549        3722        4729
482        0.38365        0.61635        1428        3755        4817
483        0.3827        0.6173        1431        3777        4792
484        0.37675        0.62325        1452        3917        4631
485        0.37125        0.62875        1351        3926        4723
486        0.36625        0.63375        1365        4040        4595
487        0.36235        0.63765        1293        4046        4661
488        0.36065        0.63935        1298        4085        4617
489        0.3579        0.6421        1287        4129        4584
490        0.3677        0.6323        1366        4012        4622
491        0.37925        0.62075        1419        3834        4747
492        0.3886        0.6114        1522        3750        4728
493        0.38235        0.61765        1455        3808        4737
494        0.3816        0.6184        1446        3814        4740
495        0.38725        0.61275        1521        3776        4703
496        0.3865        0.6135        1516        3786        4698
497        0.3895        0.6105        1511        3721        4768
498        0.3846        0.6154        1473        3781        4746
499        0.38875        0.61125        1501        3726        4773
500        0.3856        0.6144        1510        3798        4692
501        0.39105        0.60895        1505        3684        4811
502        0.4011        0.5989        1635        3613        4752
503        0.39235        0.60765        1546        3699        4755
504        0.40435        0.59565        1680        3593        4727
505        0.3942        0.6058        1561        3677        4762
506        0.3969        0.6031        1569        3631        4800
507        0.39045        0.60955        1558        3749        4693
508        0.3929        0.6071        1566        3708        4726
509        0.4021        0.5979        1617        3575        4808
510        0.39815        0.60185        1578        3615        4807
511        0.3999        0.6001        1611        3613        4776
512        0.4003        0.5997        1615        3609        4776
513        0.3979        0.6021        1592        3634        4774
514        0.40015        0.59985        1614        3611        4775
515        0.3923        0.6077        1489        3643        4868
516        0.3766        0.6234        1398        3866        4736
517        0.38215        0.61785        1478        3835        4687
518        0.387        0.613        1506        3766        4728
519        0.39465        0.60535        1532        3639        4829
520        0.3996        0.6004        1583        3591        4826
521        0.3977        0.6023        1537        3583        4880
522        0.3901        0.6099        1458        3656        4886
523        0.3807        0.6193        1450        3836        4714
524        0.38485        0.61515        1497        3800        4703
525        0.39245        0.60755        1508        3659        4833
526        0.39365        0.60635        1523        3650        4827
527        0.38815        0.61185        1510        3747        4743
528        0.3845        0.6155        1475        3785        4740
529        0.37615        0.62385        1387        3864        4749
530        0.37225        0.62775        1420        3975        4605
531        0.37155        0.62845        1383        3952        4665
532        0.36645        0.63355        1382        4053        4565
533        0.35675        0.64325        1278        4143        4579
534        0.36335        0.63665        1330        4063        4607
535        0.36545        0.63455        1335        4026        4639
536        0.3658        0.6342        1339        4023        4638
537        0.36765        0.63235        1333        3980        4687
538        0.3601        0.6399        1289        4087        4624
539        0.34775        0.65225        1181        4226        4593
540        0.35245        0.64755        1231        4182        4587
541        0.3484        0.6516        1208        4240        4552
542        0.35215        0.64785        1265        4222        4513
543        0.348        0.652        1218        4258        4524
544        0.3399        0.6601        1134        4336        4530
545        0.3465        0.6535        1186        4256        4558
546        0.34385        0.65615        1209        4332        4459
547        0.35115        0.64885        1218        4195        4587
548        0.35355        0.64645        1243        4172        4585
549        0.35115        0.64885        1242        4219        4539
550        0.355        0.645        1301        4201        4498
551        0.3483        0.6517        1243        4277        4480
552        0.34165        0.65835        1150        4317        4533
553        0.3427        0.6573        1187        4333        4480
554        0.34525        0.65475        1196        4291        4513
555        0.34495        0.65505        1217        4318        4465
556        0.3493        0.6507        1191        4205        4604
557        0.3533        0.6467        1273        4207        4520
558        0.35615        0.64385        1268        4145        4587
559        0.35095        0.64905        1241        4222        4537
560        0.35245        0.64755        1216        4167        4617
561        0.36205        0.63795        1321        4080        4599
562        0.36675        0.63325        1343        4008        4649
563        0.36775        0.63225        1345        3990        4665
564        0.3616        0.6384        1308        4076        4616
565        0.3658        0.6342        1306        3990        4704
566        0.36565        0.63435        1340        4027        4633
567        0.3626        0.6374        1317        4065        4618
568        0.3661        0.6339        1326        4004        4670
569        0.3595        0.6405        1285        4095        4620
570        0.3539        0.6461        1232        4154        4614
571        0.34755        0.65245        1197        4246        4557
572        0.35225        0.64775        1226        4181        4593
573        0.35375        0.64625        1264        4189        4547
574        0.3491        0.6509        1200        4218        4582
575        0.35375        0.64625        1258        4183        4559
576        0.3488        0.6512        1214        4238        4548
577        0.34395        0.65605        1171        4292        4537
578        0.34315        0.65685        1190        4327        4483
579        0.3426        0.6574        1185        4333        4482
580        0.3485        0.6515        1206        4236        4558
581        0.34585        0.65415        1190        4273        4537
582        0.35175        0.64825        1237        4202        4561
583        0.3529        0.6471        1225        4167        4608
584        0.34565        0.65435        1178        4265        4557
585        0.3417        0.6583        1137        4303        4560
586        0.35225        0.64775        1259        4214        4527
587        0.3465        0.6535        1179        4249        4572
588        0.34325        0.65675        1208        4343        4449
589        0.33335        0.66665        1140        4473        4387
590        0.3415        0.6585        1195        4365        4440
591        0.3465        0.6535        1219        4289        4492
592        0.3463        0.6537        1176        4250        4574
593        0.35035        0.64965        1218        4211        4571
594        0.3492        0.6508        1225        4241        4534
595        0.3539        0.6461        1265        4187        4548
596        0.3524        0.6476        1250        4202        4548
597        0.34625        0.65375        1173        4248        4579
598        0.34405        0.65595        1163        4282        4555
599        0.34865        0.65135        1224        4251        4525
600        0.35495        0.64505        1292        4193        4515
601        0.35195        0.64805        1254        4215        4531
602        0.3411        0.6589        1154        4332        4514
603        0.3326        0.6674        1132        4480        4388
604        0.324        0.676        1058        4578        4364
605        0.32735        0.67265        1061        4514        4425
606        0.3235        0.6765        1036        4566        4398
607        0.32015        0.67985        1035        4632        4333
608        0.32635        0.67365        1063        4536        4401
609        0.32785        0.67215        1089        4532        4379
610        0.32975        0.67025        1079        4484        4437
611        0.3326        0.6674        1047        4395        4558
612        0.33085        0.66915        1132        4515        4353
613        0.33175        0.66825        1111        4476        4413
614        0.3349        0.6651        1132        4434        4434
615        0.32295        0.67705        1075        4616        4309
616        0.3287        0.6713        1091        4517        4392
617        0.34615        0.65385        1202        4279        4519
618        0.35335        0.64665        1259        4192        4549
619        0.34735        0.65265        1213        4266        4521
620        0.342        0.658        1166        4326        4508
621        0.3523        0.6477        1288        4242        4470
622        0.3539        0.6461        1262        4184        4554
623        0.34775        0.65225        1218        4263        4519
624        0.3482        0.6518        1200        4236        4564
625        0.3503        0.6497        1234        4228        4538
626        0.3506        0.6494        1214        4202        4584
627        0.36415        0.63585        1289        4006        4705
628        0.361        0.639        1284        4064        4652
629        0.3675        0.6325        1369        4019        4612
630        0.36585        0.63415        1311        3994        4695
631        0.3653        0.6347        1300        3994        4706
632        0.3646        0.6354        1359        4067        4574
633        0.3706        0.6294        1357        3945        4698
634        0.3747        0.6253        1413        3919        4668
635        0.3739        0.6261        1384        3906        4710
636        0.37325        0.62675        1379        3914        4707
637        0.363        0.637        1330        4070        4600
638        0.35265        0.64735        1245        4192        4563
639        0.34245        0.65755        1142        4293        4565
640        0.3431        0.6569        1161        4299        4540
641        0.33695        0.66305        1121        4382        4497
642        0.33665        0.66335        1084        4351        4565
643        0.3371        0.6629        1136        4394        4470
644        0.33885        0.66115        1142        4365        4493
645        0.3443        0.6557        1172        4286        4542
646        0.33905        0.66095        1164        4383        4453
647        0.33065        0.66935        1080        4467        4453
648        0.3251        0.6749        1055        4553        4392
649        0.3242        0.6758        1075        4591        4334
650        0.3172        0.6828        1032        4688        4280
651        0.31545        0.68455        1030        4721        4249
652        0.3065        0.6935        930        4800        4270
653        0.302        0.698        936        4896        4168
654        0.29895        0.70105        916        4937        4147
655        0.30325        0.69675        960        4895        4145
656        0.2938        0.7062        882        5006        4112
657        0.28635        0.71365        828        5101        4071
658        0.2796        0.7204        783        5191        4026
659        0.27525        0.72475        793        5288        3919
660        0.27055        0.72945        705        5294        4001
661        0.2679        0.7321        691        5333        3976
662        0.27085        0.72915        711        5294        3995
663        0.2733        0.7267        750        5284        3966
664        0.27        0.73        725        5325        3950
665        0.26225        0.73775        675        5430        3895
666        0.2506        0.7494        622        5610        3768
667        0.24345        0.75655        581        5712        3707
668        0.24355        0.75645        567        5696        3737
669        0.24545        0.75455        598        5689        3713
670        0.2388        0.7612        547        5771        3682
671        0.23955        0.76045        595        5804        3601
672        0.2353        0.7647        570        5864        3566
673        0.2376        0.7624        567        5815        3618
674        0.2396        0.7604        574        5782        3644
675        0.2398        0.7602        568        5772        3660
676        0.2435        0.7565        609        5739        3652
677        0.24475        0.75525        636        5741        3623
678        0.2413        0.7587        577        5751        3672
679        0.23765        0.76235        542        5789        3669
680        0.2383        0.7617        556        5790        3654
681        0.233        0.767        541        5881        3578
682        0.2215        0.7785        480        6050        3470
683        0.2058        0.7942        433        6317        3250
684        0.2064        0.7936        429        6301        3270
685        0.2029        0.7971        397        6339        3264
686        0.19635        0.80365        397        6470        3133
687        0.19875        0.80125        386        6411        3203
688        0.1961        0.8039        387        6465        3148
689        0.2003        0.7997        411        6405        3184
690        0.1981        0.8019        399        6437        3164
691        0.1958        0.8042        386        6470        3144
692        0.18995        0.81005        356        6557        3087
693        0.1896        0.8104        347        6555        3098
694        0.195        0.805        367        6467        3166
695        0.19775        0.80225        388        6433        3179
696        0.1952        0.8048        384        6480        3136
697        0.18485        0.81515        367        6670        2963
698        0.18195        0.81805        351        6712        2937
699        0.1826        0.8174        330        6678        2992
700        0.18595        0.81405        340        6621        3039
701        0.1979        0.8021        395        6437        3168
702        0.1931        0.8069        384        6522        3094
703        0.1861        0.8139        345        6623        3032
704        0.1823        0.8177        349        6703        2948
705        0.1718        0.8282        306        6870        2824
706        0.1598        0.8402        248        7052        2700
707        0.15815        0.84185        255        7092        2653
708        0.15355        0.84645        222        7151        2627
709        0.1565        0.8435        239        7109        2652
710        0.1571        0.8429        253        7111        2636
711        0.15065        0.84935        221        7208        2571
712        0.1455        0.8545        221        7311        2468
713        0.13835        0.86165        176        7409        2415
714        0.13155        0.86845        176        7545        2279
715        0.12505        0.87495        149        7648        2203
716        0.1245        0.8755        144        7654        2202
717        0.1238        0.8762        164        7688        2148
718        0.12745        0.87255        158        7609        2233
719        0.1229        0.8771        124        7666        2210
720        0.12235        0.87765        160        7713        2127
721        0.11795        0.88205        119        7760        2121
722        0.11535        0.88465        123        7816        2061
723        0.11995        0.88005        148        7749        2103
724        0.12555        0.87445        154        7643        2203
725        0.13035        0.86965        164        7557        2279
726        0.13355        0.86645        195        7524        2281
727        0.12995        0.87005        171        7572        2257
728        0.12925        0.87075        180        7595        2225
729        0.1263        0.8737        175        7649        2176
730        0.1259        0.8741        161        7643        2196
731        0.12465        0.87535        135        7642        2223
732        0.1321        0.8679        192        7550        2258
733        0.12075        0.87925        139        7724        2137
734        0.11905        0.88095        158        7777        2065
735        0.1141        0.8859        116        7834        2050
736        0.10895        0.89105        129        7950        1921
737        0.11525        0.88475        147        7842        2011
738        0.11535        0.88465        133        7826        2041
739        0.1161        0.8839        126        7804        2070
740        0.1176        0.8824        151        7799        2050
741        0.1215        0.8785        150        7720        2130
742        0.1242        0.8758        151        7667        2182
743        0.1175        0.8825        131        7781        2088
744        0.11585        0.88415        120        7803        2077
745        0.1174        0.8826        141        7793        2066
746        0.1272        0.8728        158        7614        2228
747        0.12875        0.87125        179        7604        2217
748        0.1292        0.8708        167        7583        2250
749        0.13555        0.86445        183        7472        2345
750        0.14315        0.85685        230        7367        2403
751        0.14545        0.85455        207        7298        2495
752        0.1395        0.8605        191        7401        2408
753        0.143        0.857        218        7358        2424
754        0.1408        0.8592        176        7360        2464
755        0.1402        0.8598        183        7379        2438
756        0.1385        0.8615        207        7437        2356
757        0.1341        0.8659        160        7478        2362
758        0.14        0.86        193        7393        2414
759        0.14365        0.85635        220        7347        2433
760        0.14465        0.85535        191        7298        2511
761        0.1426        0.8574        196        7344        2460
762        0.14905        0.85095        215        7234        2551
763        0.14285        0.85715        216        7359        2425
764        0.137        0.863        195        7455        2350
765        0.1323        0.8677        160        7514        2326
766        0.12905        0.87095        145        7564        2291
767        0.1272        0.8728        152        7608        2240
768        0.12965        0.87035        187        7594        2219
769        0.1279        0.8721        154        7596        2250
770        0.1291        0.8709        170        7588        2242
771        0.12935        0.87065        192        7605        2203
772        0.13445        0.86555        175        7486        2339
773        0.146        0.854        213        7293        2494
774        0.15535        0.84465        256        7149        2595
775        0.1487        0.8513        224        7250        2526
776        0.1423        0.8577        194        7348        2458
777        0.1397        0.8603        199        7405        2396
778        0.1382        0.8618        178        7414        2408
779        0.13835        0.86165        192        7425        2383
780        0.1434        0.8566        193        7325        2482
781        0.143        0.857        190        7330        2480
782        0.1376        0.8624        185        7433        2382
783        0.13805        0.86195        170        7409        2421
784        0.13725        0.86275        184        7439        2377
785        0.1374        0.8626        178        7430        2392
786        0.12935        0.87065        171        7584        2245
787        0.13295        0.86705        166        7507        2327
788        0.13295        0.86705        173        7514        2313
789        0.1397        0.8603        185        7391        2424
790        0.1471        0.8529        221        7279        2500
791        0.15525        0.84475        238        7133        2629
792        0.1649        0.8351        272        6974        2754
793        0.1697        0.8303        295        6901        2804
794        0.17675        0.82325        299        6764        2937
795        0.17445        0.82555        275        6786        2939
796        0.183        0.817        330        6670        3000
797        0.1846        0.8154        349        6657        2994
798        0.19255        0.80745        376        6525        3099
799        0.19065        0.80935        347        6534        3119
800        0.18735        0.81265        343        6596        3061
801        0.18645        0.81355        357        6628        3015
802        0.1939        0.8061        388        6510        3102
803        0.19535        0.80465        381        6474        3145
804        0.1897        0.8103        349        6555        3096
805        0.1779        0.8221        295        6737        2968
806        0.1714        0.8286        313        6885        2802
807        0.16285        0.83715        258        7001        2741
808        0.17155        0.82845        292        6861        2847
809        0.17465        0.82535        295        6802        2903
810        0.1729        0.8271        304        6846        2850
811        0.18065        0.81935        323        6710        2967
812        0.1804        0.8196        330        6722        2948
813        0.1763        0.8237        305        6779        2916
814        0.17405        0.82595        291        6810        2899
815        0.16745        0.83255        258        6909        2833
816        0.17        0.83        270        6870        2860
817        0.1653        0.8347        284        6978        2738
818        0.1566        0.8434        251        7119        2630
819        0.14665        0.85335        228        7295        2477
820        0.14475        0.85525        196        7301        2503
821        0.14965        0.85035        203        7210        2587
822        0.14215        0.85785        202        7359        2439
823        0.1457        0.8543        196        7282        2522
824        0.1549        0.8451        225        7127        2648
825        0.16145        0.83855        246        7017        2737
826        0.1555        0.8445        254        7144        2602
827        0.1461        0.8539        226        7304        2470
828        0.13625        0.86375        170        7445        2385
829        0.1406        0.8594        208        7396        2396
830        0.14225        0.85775        191        7346        2463
831        0.1386        0.8614        196        7424        2380
832        0.13575        0.86425        192        7477        2331
833        0.13225        0.86775        176        7531        2293
834        0.13345        0.86655        165        7496        2339
835        0.13715        0.86285        185        7442        2373
836        0.13895        0.86105        188        7409        2403
837        0.1458        0.8542        210        7294        2496
838        0.13995        0.86005        190        7391        2419
839        0.14285        0.85715        207        7350        2443
840        0.1368        0.8632        188        7452        2360
841        0.13725        0.86275        195        7450        2355
842        0.13945        0.86055        171        7382        2447
843        0.1417        0.8583        214        7380        2406
844        0.1434        0.8566        197        7329        2474
845        0.14485        0.85515        225        7328        2447
846        0.14775        0.85225        221        7266        2513
847        0.1455        0.8545        208        7298        2494
848        0.15445        0.84555        237        7148        2615
849        0.158        0.842        245        7085        2670
850        0.15095        0.84905        242        7223        2535
851        0.1505        0.8495        240        7230        2530
852        0.146        0.854        205        7285        2510
853        0.1457        0.8543        214        7300        2486
854        0.14525        0.85475        209        7304        2487
855        0.14955        0.85045        228        7237        2535
856        0.14825        0.85175        235        7270        2495
857        0.14925        0.85075        241        7256        2503
858        0.14335        0.85665        222        7355        2423
859        0.13785        0.86215        192        7435        2373
860        0.13055        0.86945        164        7553        2283
861        0.1312        0.8688        176        7552        2272
862        0.1337        0.8663        166        7492        2342
863        0.1347        0.8653        181        7487        2332
864        0.14405        0.85595        194        7313        2493
865        0.1508        0.8492        218        7202        2580
866        0.1549        0.8451        259        7161        2580
867        0.1603        0.8397        256        7050        2694
868        0.1569        0.8431        242        7104        2654
869        0.15585        0.84415        269        7152        2579
870        0.1443        0.8557        201        7315        2484
871        0.14105        0.85895        217        7396        2387
872        0.1437        0.8563        208        7334        2458
873        0.13925        0.86075        213        7428        2359
874        0.1432        0.8568        205        7341        2454
875        0.1456        0.8544        202        7290        2508
876        0.1443        0.8557        224        7338        2438
877        0.1426        0.8574        206        7354        2440
878        0.14875        0.85125        213        7238        2549
879        0.1536        0.8464        249        7177        2574
880        0.14735        0.85265        224        7277        2499
881        0.14965        0.85035        246        7253        2501
882        0.15095        0.84905        229        7210        2561
883        0.1581        0.8419        249        7087        2664
884        0.1668        0.8332        286        6950        2764
885        0.1651        0.8349        259        6957        2784
886        0.1657        0.8343        265        6951        2784
887        0.1665        0.8335        254        6924        2822
888        0.1735        0.8265        308        6838        2854
889        0.1789        0.8211        306        6728        2966
890        0.18225        0.81775        305        6660        3035
891        0.1836        0.8164        358        6686        2956
892        0.17175        0.82825        302        6867        2831
893        0.1727        0.8273        292        6838        2870
894        0.1799        0.8201        309        6711        2980
895        0.1762        0.8238        298        6774        2928
896        0.1739        0.8261        301        6823        2876
897        0.1777        0.8223        323        6769        2908
898        0.18275        0.81725        333        6678        2989
899        0.1818        0.8182        310        6674        3016
900        0.1858        0.8142        362        6646        2992
901        0.18905        0.81095        367        6586        3047
902        0.1927        0.8073        372        6518        3110
903        0.1899        0.8101        347        6549        3104
904        0.1793        0.8207        347        6761        2892
905        0.1767        0.8233        335        6801        2864
906        0.1752        0.8248        323        6819        2858
907        0.17315        0.82685        307        6844        2849
908        0.16885        0.83115        286        6909        2805
909        0.173        0.827        287        6827        2886
910        0.18205        0.81795        324        6683        2993
911        0.16655        0.83345        276        6945        2779
912        0.1659        0.8341        270        6952        2778
913        0.17035        0.82965        269        6862        2869
914        0.17085        0.82915        306        6889        2805
915        0.17795        0.82205        317        6758        2925
916        0.1773        0.8227        316        6770        2914
917        0.18135        0.81865        333        6706        2961
918        0.1827        0.8173        349        6695        2956
919        0.17585        0.82415        294        6777        2929
920        0.1757        0.8243        312        6798        2890
921        0.1806        0.8194        323        6711        2966
922        0.18255        0.81745        337        6686        2977
923        0.17485        0.82515        324        6827        2849
924        0.16245        0.83755        273        7024        2703
925        0.16305        0.83695        261        7000        2739
926        0.16955        0.83045        259        6868        2873
927        0.1805        0.8195        308        6698        2994
928        0.17185        0.82815        289        6852        2859
929        0.1723        0.8277        300        6854        2846
930        0.1782        0.8218        325        6761        2914
931        0.16895        0.83105        301        6922        2777
932        0.1739        0.8261        300        6822        2878
933        0.1773        0.8227        318        6772        2910
934        0.18145        0.81855        313        6684        3003
935        0.17305        0.82695        288        6827        2885
936        0.1738        0.8262        312        6836        2852
937        0.1686        0.8314        286        6914        2800
938        0.17075        0.82925        282        6867        2851
939        0.16895        0.83105        259        6880        2861
940        0.16685        0.83315        285        6948        2767
941        0.16395        0.83605        290        7011        2699
942        0.1628        0.8372        250        6994        2756
943        0.1575        0.8425        251        7101        2648
944        0.1558        0.8442        234        7118        2648
945        0.15105        0.84895        226        7205        2569
946        0.14445        0.85555        211        7322        2467
947        0.145        0.855        210        7310        2480
948        0.14455        0.85545        216        7325        2459
949        0.14335        0.85665        229        7362        2409
950        0.1432        0.8568        219        7355        2426
951        0.14335        0.85665        205        7338        2457
952        0.15135        0.84865        237        7210        2553
953        0.1527        0.8473        232        7178        2590
954        0.1542        0.8458        226        7142        2632
955        0.15245        0.84755        215        7166        2619
956        0.1514        0.8486        210        7182        2608
957        0.15025        0.84975        211        7206        2583
958        0.14785        0.85215        225        7268        2507
959        0.16135        0.83865        270        7043        2687
960        0.1636        0.8364        274        7002        2724
961        0.1596        0.8404        251        7059        2690
962        0.15095        0.84905        220        7201        2579
963        0.149        0.851        229        7249        2522
964        0.14785        0.85215        231        7274        2495
965        0.1509        0.8491        225        7207        2568
966        0.1567        0.8433        234        7100        2666
967        0.1547        0.8453        240        7146        2614
968        0.1595        0.8405        249        7059        2692
969        0.16585        0.83415        266        6949        2785
970        0.16485        0.83515        271        6974        2755
971        0.15835        0.84165        246        7079        2675
972        0.1553        0.8447        241        7135        2624
973        0.1564        0.8436        227        7099        2674
974        0.1572        0.8428        271        7127        2602
975        0.15145        0.84855        237        7208        2555
976        0.1541        0.8459        235        7153        2612
977        0.1613        0.8387        260        7034        2706
978        0.1585        0.8415        230        7060        2710
979        0.1581        0.8419        283        7121        2596
980        0.15205        0.84795        225        7184        2591
981        0.1408        0.8592        207        7391        2402
982        0.13975        0.86025        208        7413        2379
983        0.1387        0.8613        208        7434        2358
984        0.13835        0.86165        187        7420        2393
985        0.1294        0.8706        161        7573        2266
986        0.13145        0.86855        173        7544        2283
987        0.1327        0.8673        168        7514        2318
988        0.13855        0.86145        203        7432        2365
989        0.13955        0.86045        198        7407        2395
990        0.14245        0.85755        193        7344        2463
991        0.1398        0.8602        203        7407        2390
992        0.1471        0.8529        217        7275        2508
993        0.14805        0.85195        228        7267        2505
994        0.14795        0.85205        215        7256        2529
995        0.14285        0.85715        209        7352        2439
996        0.1427        0.8573        225        7371        2404
997        0.13525        0.86475        178        7473        2349
998        0.1308        0.8692        175        7559        2266
999        0.13145        0.86855        176        7547        2277
