t   p   q   AA   aa   Aa
0        0.5019        0.4981        1250        1231        2519
1        0.5077        0.4923        1316        1239        2445
2        0.5049        0.4951        1256        1207        2537
3        0.4924        0.5076        1204        1280        2516
4        0.4943        0.5057        1197        1254        2549
5        0.4947        0.5053        1207        1260        2533
6        0.4913        0.5087        1214        1301        2485
7        0.475        0.525        1149        1399        2452
8        0.4735        0.5265        1118        1383        2499
9        0.4762        0.5238        1148        1386        2466
10        0.4724        0.5276        1107        1383        2510
11        0.4705        0.5295        1094        1389        2517
12        0.4751        0.5249        1160        1409        2431
13        0.4602        0.5398        1075        1473        2452
14        0.4621        0.5379        1063        1442        2495
15        0.455        0.545        1027        1477        2496
16        0.4288        0.5712        895        1607        2498
17        0.4238        0.5762        880        1642        2478
18        0.4141        0.5859        866        1725        2409
19        0.3969        0.6031        778        1809        2413
20        0.3885        0.6115        748        1863        2389
21        0.3908        0.6092        721        1813        2466
22        0.3879        0.6121        743        1864        2393
23        0.3823        0.6177        742        1919        2339
24        0.3738        0.6262        708        1970        2322
25        0.3949        0.6051        798        1849        2353
26        0.3895        0.6105        740        1845        2415
27        0.4        0.6        794        1794        2412
28        0.391        0.609        786        1876        2338
29        0.3971        0.6029        783        1812        2405
30        0.4146        0.5854        880        1734        2386
31        0.4376        0.5624        954        1578        2468
32        0.4308        0.5692        936        1628        2436
33        0.4189        0.5811        877        1688        2435
34        0.4072        0.5928        814        1742        2444
35        0.3959        0.6041        811        1852        2337
36        0.3939        0.6061        800        1861        2339
37        0.3921        0.6079        749        1828        2423
38        0.374        0.626        685        1945        2370
39        0.3792        0.6208        711        1919        2370
40        0.3829        0.6171        744        1915        2341
41        0.3834        0.6166        743        1909        2348
42        0.389        0.611        760        1870        2370
43        0.3736        0.6264        725        1989        2286
44        0.3784        0.6216        743        1959        2298
45        0.3787        0.6213        738        1951        2311
46        0.3719        0.6281        698        1979        2323
47        0.3551        0.6449        622        2071        2307
48        0.3656        0.6344        707        2051        2242
49        0.3596        0.6404        626        2030        2344
50        0.3548        0.6452        651        2103        2246
51        0.3506        0.6494        605        2099        2296
52        0.3444        0.6556        631        2187        2182
53        0.3537        0.6463        596        2059        2345
54        0.3545        0.6455        600        2055        2345
55        0.3589        0.6411        635        2046        2319
56        0.3496        0.6504        628        2132        2240
57        0.3542        0.6458        627        2085        2288
58        0.3532        0.6468        625        2093        2282
59        0.3334        0.6666        553        2219        2228
60        0.3324        0.6676        540        2216        2244
61        0.335        0.665        570        2220        2210
62        0.3451        0.6549        617        2166        2217
63        0.3371        0.6629        595        2224        2181
64        0.3337        0.6663        535        2198        2267
65        0.3479        0.6521        605        2126        2269
66        0.3534        0.6466        598        2064        2338
67        0.3462        0.6538        642        2180        2178
68        0.3357        0.6643        574        2217        2209
69        0.3377        0.6623        592        2215        2193
70        0.3277        0.6723        513        2236        2251
71        0.3277        0.6723        546        2269        2185
72        0.3116        0.6884        455        2339        2206
73        0.3104        0.6896        496        2392        2112
74        0.3029        0.6971        473        2444        2083
75        0.3157        0.6843        512        2355        2133
76        0.3127        0.6873        497        2370        2133
77        0.314        0.686        509        2369        2122
78        0.3187        0.6813        498        2311        2191
79        0.3135        0.6865        483        2348        2169
80        0.3264        0.6736        533        2269        2198
81        0.3155        0.6845        502        2347        2151
82        0.3101        0.6899        484        2383        2133
83        0.3068        0.6932        463        2395        2142
84        0.3065        0.6935        474        2409        2117
85        0.3174        0.6826        503        2329        2168
86        0.2978        0.7022        465        2487        2048
87        0.2825        0.7175        406        2581        2013
88        0.2757        0.7243        393        2636        1971
89        0.2793        0.7207        391        2598        2011
90        0.2725        0.7275        350        2625        2025
91        0.2592        0.7408        319        2727        1954
92        0.2557        0.7443        309        2752        1939
93        0.2485        0.7515        318        2833        1849
94        0.2548        0.7452        332        2784        1884
95        0.255        0.745        333        2783        1884
96        0.2644        0.7356        357        2713        1930
97        0.2648        0.7352        352        2704        1944
98        0.2786        0.7214        394        2608        1998
99        0.2794        0.7206        402        2608        1990
100        0.2684        0.7316        354        2670        1976
101        0.271        0.729        361        2651        1988
102        0.2653        0.7347        340        2687        1973
103        0.2649        0.7351        343        2694        1963
104        0.2664        0.7336        334        2670        1996
105        0.2647        0.7353        355        2708        1937
106        0.269        0.731        381        2691        1928
107        0.2666        0.7334        367        2701        1932
108        0.2523        0.7477        332        2809        1859
109        0.2645        0.7355        331        2686        1983
110        0.2581        0.7419        327        2746        1927
111        0.2572        0.7428        345        2773        1882
112        0.2576        0.7424        325        2749        1926
113        0.2563        0.7437        327        2764        1909
114        0.2535        0.7465        323        2788        1889
115        0.25        0.75        318        2818        1864
116        0.2419        0.7581        287        2868        1845
117        0.2387        0.7613        292        2905        1803
118        0.2527        0.7473        328        2801        1871
119        0.2522        0.7478        321        2799        1880
120        0.2606        0.7394        350        2744        1906
121        0.2559        0.7441        322        2763        1915
122        0.2535        0.7465        309        2774        1917
123        0.2487        0.7513        288        2801        1911
124        0.247        0.753        294        2824        1882
125        0.2479        0.7521        298        2819        1883
126        0.2368        0.7632        284        2916        1800
127        0.2375        0.7625        286        2911        1803
128        0.2387        0.7613        291        2904        1805
129        0.2276        0.7724        241        2965        1794
130        0.2204        0.7796        251        3047        1702
131        0.2233        0.7767        249        3016        1735
132        0.2312        0.7688        263        2951        1786
133        0.2256        0.7744        233        2977        1790
134        0.2363        0.7637        265        2902        1833
135        0.2436        0.7564        309        2873        1818
136        0.2337        0.7663        272        2935        1793
137        0.245        0.755        319        2869        1812
138        0.2475        0.7525        310        2835        1855
139        0.2522        0.7478        308        2786        1906
140        0.2496        0.7504        321        2825        1854
141        0.241        0.759        283        2873        1844
142        0.2364        0.7636        284        2920        1796
143        0.2319        0.7681        283        2964        1753
144        0.2403        0.7597        308        2905        1787
145        0.2456        0.7544        281        2825        1894
146        0.2427        0.7573        292        2865        1843
147        0.257        0.743        319        2749        1932
148        0.2704        0.7296        381        2677        1942
149        0.2644        0.7356        338        2694        1968
150        0.264        0.736        346        2706        1948
151        0.2715        0.7285        371        2656        1973
152        0.2649        0.7351        350        2701        1949
153        0.2547        0.7453        309        2762        1929
154        0.2555        0.7445        309        2754        1937
155        0.2627        0.7373        356        2729        1915
156        0.2534        0.7466        290        2756        1954
157        0.2354        0.7646        278        2924        1798
158        0.2346        0.7654        273        2927        1800
159        0.2347        0.7653        284        2937        1779
160        0.2344        0.7656        280        2936        1784
161        0.232        0.768        260        2940        1800
162        0.2199        0.7801        251        3052        1697
163        0.2355        0.7645        268        2913        1819
164        0.2322        0.7678        274        2952        1774
165        0.2419        0.7581        298        2879        1823
166        0.2306        0.7694        243        2937        1820
167        0.2325        0.7675        280        2955        1765
168        0.2277        0.7723        263        2986        1751
169        0.2422        0.7578        281        2859        1860
170        0.2359        0.7641        280        2921        1799
171        0.2324        0.7676        267        2943        1790
172        0.231        0.769        253        2943        1804
173        0.2252        0.7748        235        2983        1782
174        0.2303        0.7697        274        2971        1755
175        0.2303        0.7697        275        2972        1753
176        0.2317        0.7683        279        2962        1759
177        0.2309        0.7691        273        2964        1763
178        0.2362        0.7638        287        2925        1788
179        0.2398        0.7602        309        2911        1780
180        0.2474        0.7526        291        2817        1892
181        0.2356        0.7644        261        2905        1834
182        0.2396        0.7604        274        2878        1848
183        0.2403        0.7597        272        2869        1859
184        0.24        0.76        296        2896        1808
185        0.2418        0.7582        296        2878        1826
186        0.2508        0.7492        340        2832        1828
187        0.2432        0.7568        293        2861        1846
188        0.2512        0.7488        295        2783        1922
189        0.2475        0.7525        302        2827        1871
190        0.2367        0.7633        266        2899        1835
191        0.2346        0.7654        258        2912        1830
192        0.2291        0.7709        271        2980        1749
193        0.2403        0.7597        307        2904        1789
194        0.2366        0.7634        275        2909        1816
195        0.2467        0.7533        333        2866        1801
196        0.2512        0.7488        309        2797        1894
197        0.2642        0.7358        361        2719        1920
198        0.2648        0.7352        369        2721        1910
199        0.275        0.725        366        2616        2018
200        0.2729        0.7271        375        2646        1979
201        0.2885        0.7115        431        2546        2023
202        0.2917        0.7083        419        2502        2079
203        0.2785        0.7215        381        2596        2023
204        0.2861        0.7139        393        2532        2075
205        0.2953        0.7047        420        2467        2113
206        0.2946        0.7054        428        2482        2090
207        0.3004        0.6996        446        2442        2112
208        0.3121        0.6879        475        2354        2171
209        0.3018        0.6982        454        2436        2110
210        0.3171        0.6829        505        2334        2161
211        0.3229        0.6771        533        2304        2163
212        0.3301        0.6699        541        2240        2219
213        0.3336        0.6664        565        2229        2206
214        0.3257        0.6743        526        2269        2205
215        0.3124        0.6876        454        2330        2216
216        0.3241        0.6759        519        2278        2203
217        0.3174        0.6826        485        2311        2204
218        0.3174        0.6826        534        2360        2106
219        0.3258        0.6742        553        2295        2152
220        0.3271        0.6729        522        2251        2227
221        0.3231        0.6769        530        2299        2171
222        0.3218        0.6782        525        2307        2168
223        0.3222        0.6778        518        2296        2186
224        0.3042        0.6958        478        2436        2086
225        0.2966        0.7034        428        2462        2110
226        0.2965        0.7035        469        2504        2027
227        0.3162        0.6838        485        2323        2192
228        0.3295        0.6705        555        2260        2185
229        0.3264        0.6736        509        2245        2246
230        0.3289        0.6711        543        2254        2203
231        0.3299        0.6701        520        2221        2259
232        0.3337        0.6663        554        2217        2229
233        0.3282        0.6718        538        2256        2206
234        0.3256        0.6744        538        2282        2180
235        0.3278        0.6722        541        2263        2196
236        0.3367        0.6633        582        2215        2203
237        0.3478        0.6522        608        2130        2262
238        0.3559        0.6441        605        2046        2349
239        0.3633        0.6367        675        2042        2283
240        0.375        0.625        682        1932        2386
241        0.3781        0.6219        722        1941        2337
242        0.3869        0.6131        746        1877        2377
243        0.3961        0.6039        793        1832        2375
244        0.3884        0.6116        738        1854        2408
245        0.3709        0.6291        679        1970        2351
246        0.3668        0.6332        701        2033        2266
247        0.3835        0.6165        727        1892        2381
248        0.3825        0.6175        736        1911        2353
249        0.3732        0.6268        683        1951        2366
250        0.3785        0.6215        733        1948        2319
251        0.3744        0.6256        718        1974        2308
252        0.3817        0.6183        739        1922        2339
253        0.3613        0.6387        653        2040        2307
254        0.363        0.637        642        2012        2346
255        0.3544        0.6456        615        2071        2314
256        0.3445        0.6555        614        2169        2217
257        0.3427        0.6573        591        2164        2245
258        0.3285        0.6715        550        2265        2185
259        0.3325        0.6675        548        2223        2229
260        0.3082        0.6918        484        2402        2114
261        0.3064        0.6936        490        2426        2084
262        0.3134        0.6866        484        2350        2166
263        0.3159        0.6841        465        2306        2229
264        0.3071        0.6929        453        2382        2165
265        0.3108        0.6892        485        2377        2138
266        0.3213        0.6787        521        2308        2171
267        0.3303        0.6697        519        2216        2265
268        0.3299        0.6701        568        2269        2163
269        0.3245        0.6755        523        2278        2199
270        0.3179        0.6821        485        2306        2209
271        0.3218        0.6782        514        2296        2190
272        0.327        0.673        509        2239        2252
273        0.3306        0.6694        575        2269        2156
274        0.3247        0.6753        524        2277        2199
275        0.3188        0.6812        478        2290        2232
276        0.3137        0.6863        515        2378        2107
277        0.3158        0.6842        481        2323        2196
278        0.3327        0.6673        558        2231        2211
279        0.3244        0.6756        526        2282        2192
280        0.314        0.686        500        2360        2140
281        0.3008        0.6992        443        2435        2122
282        0.3015        0.6985        456        2441        2103
283        0.3073        0.6927        493        2420        2087
284        0.3052        0.6948        484        2432        2084
285        0.3105        0.6895        476        2371        2153
286        0.2895        0.7105        427        2532        2041
287        0.2903        0.7097        419        2516        2065
288        0.2804        0.7196        380        2576        2044
289        0.2759        0.7241        379        2620        2001
290        0.2644        0.7356        338        2694        1968
291        0.2634        0.7366        336        2702        1962
292        0.2802        0.7198        392        2590        2018
293        0.2791        0.7209        393        2602        2005
294        0.2873        0.7127        405        2532        2063
295        0.2956        0.7044        438        2482        2080
296        0.3057        0.6943        465        2408        2127
297        0.3146        0.6854        489        2343        2168
298        0.3151        0.6849        500        2349        2151
299        0.3063        0.6937        471        2408        2121
300        0.3096        0.6904        461        2365        2174
301        0.308        0.692        479        2399        2122
302        0.3084        0.6916        463        2379        2158
303        0.3036        0.6964        454        2418        2128
304        0.292        0.708        433        2513        2054
305        0.2869        0.7131        399        2530        2071
306        0.2807        0.7193        408        2601        1991
307        0.2736        0.7264        385        2649        1966
308        0.2627        0.7373        339        2712        1949
309        0.2568        0.7432        315        2747        1938
310        0.2487        0.7513        296        2809        1895
311        0.2529        0.7471        327        2798        1875
312        0.2536        0.7464        301        2765        1934
313        0.263        0.737        361        2731        1908
314        0.2632        0.7368        380        2748        1872
315        0.266        0.734        332        2672        1996
316        0.2795        0.7205        373        2578        2049
317        0.2851        0.7149        406        2555        2039
318        0.3014        0.6986        455        2441        2104
319        0.2983        0.7017        432        2449        2119
320        0.2887        0.7113        425        2538        2037
321        0.2975        0.7025        441        2466        2093
322        0.3051        0.6949        475        2424        2101
323        0.3029        0.6971        491        2462        2047
324        0.3053        0.6947        473        2420        2107
325        0.3089        0.6911        483        2394        2123
326        0.2914        0.7086        423        2509        2068
327        0.2984        0.7016        443        2459        2098
328        0.2986        0.7014        464        2478        2058
329        0.3012        0.6988        449        2437        2114
330        0.3202        0.6798        505        2303        2192
331        0.3192        0.6808        485        2293        2222
332        0.3225        0.6775        505        2280        2215
333        0.304        0.696        439        2399        2162
334        0.306        0.694        472        2412        2116
335        0.3135        0.6865        471        2336        2193
336        0.2997        0.7003        454        2457        2089
337        0.2987        0.7013        465        2478        2057
338        0.3078        0.6922        501        2423        2076
339        0.2989        0.7011        450        2461        2089
340        0.3154        0.6846        501        2347        2152
341        0.3202        0.6798        495        2293        2212
342        0.3238        0.6762        531        2293        2176
343        0.3222        0.6778        501        2279        2220
344        0.3185        0.6815        505        2320        2175
345        0.318        0.682        513        2333        2154
346        0.3295        0.6705        522        2227        2251
347        0.34        0.66        583        2183        2234
348        0.3218        0.6782        516        2298        2186
349        0.3256        0.6744        517        2261        2222
350        0.3319        0.6681        535        2216        2249
351        0.3148        0.6852        505        2357        2138
352        0.3161        0.6839        499        2338        2163
353        0.3209        0.6791        516        2307        2177
354        0.307        0.693        481        2411        2108
355        0.324        0.676        531        2291        2178
356        0.3168        0.6832        491        2323        2186
357        0.3091        0.6909        453        2362        2185
358        0.3157        0.6843        493        2336        2171
359        0.3051        0.6949        505        2454        2041
360        0.29        0.71        431        2531        2038
361        0.2923        0.7077        417        2494        2089
362        0.3058        0.6942        448        2390        2162
363        0.3087        0.6913        471        2384        2145
364        0.2939        0.7061        417        2478        2105
365        0.2916        0.7084        416        2500        2084
366        0.2834        0.7166        428        2594        1978
367        0.2763        0.7237        394        2631        1975
368        0.292        0.708        428        2508        2064
369        0.2846        0.7154        386        2540        2074
370        0.2752        0.7248        372        2620        2008
371        0.2638        0.7362        355        2717        1928
372        0.2658        0.7342        342        2684        1974
373        0.2605        0.7395        328        2723        1949
374        0.2644        0.7356        367        2723        1910
375        0.2788        0.7212        381        2593        2026
376        0.2727        0.7273        360        2633        2007
377        0.2525        0.7475        314        2789        1897
378        0.2513        0.7487        327        2814        1859
379        0.2447        0.7553        311        2864        1825
380        0.2602        0.7398        331        2729        1940
381        0.2715        0.7285        363        2648        1989
382        0.2525        0.7475        322        2797        1881
383        0.2554        0.7446        322        2768        1910
384        0.2474        0.7526        307        2833        1860
385        0.2476        0.7524        306        2830        1864
386        0.2571        0.7429        323        2752        1925
387        0.234        0.766        270        2930        1800
388        0.2235        0.7765        254        3019        1727
389        0.2285        0.7715        268        2983        1749
390        0.2224        0.7776        250        3026        1724
391        0.2321        0.7679        292        2971        1737
392        0.2309        0.7691        279        2970        1751
393        0.2292        0.7708        257        2965        1778
394        0.251        0.749        304        2794        1902
395        0.2439        0.7561        301        2862        1837
396        0.2342        0.7658        258        2916        1826
397        0.2301        0.7699        267        2966        1767
398        0.2241        0.7759        237        2996        1767
399        0.2242        0.7758        256        3014        1730
400        0.2137        0.7863        222        3085        1693
401        0.2112        0.7888        228        3116        1656
402        0.2085        0.7915        229        3144        1627
403        0.1966        0.8034        201        3235        1564
404        0.194        0.806        202        3262        1536
405        0.1843        0.8157        191        3348        1461
406        0.1809        0.8191        169        3360        1471
407        0.1877        0.8123        184        3307        1509
408        0.1909        0.8091        196        3287        1517
409        0.1931        0.8069        186        3255        1559
410        0.1985        0.8015        220        3235        1545
411        0.2093        0.7907        220        3127        1653
412        0.2097        0.7903        212        3115        1673
413        0.2099        0.7901        222        3123        1655
414        0.2221        0.7779        265        3044        1691
415        0.2326        0.7674        264        2938        1798
416        0.2272        0.7728        265        2993        1742
417        0.2296        0.7704        276        2980        1744
418        0.2234        0.7766        233        2999        1768
419        0.2263        0.7737        248        2985        1767
420        0.2474        0.7526        295        2821        1884
421        0.2557        0.7443        339        2782        1879
422        0.2414        0.7586        284        2870        1846
423        0.2345        0.7655        261        2916        1823
424        0.235        0.765        269        2919        1812
425        0.2399        0.7601        271        2872        1857
426        0.2545        0.7455        346        2801        1853
427        0.2546        0.7454        294        2748        1958
428        0.2529        0.7471        313        2784        1903
429        0.2579        0.7421        342        2763        1895
430        0.2582        0.7418        311        2729        1960
431        0.2547        0.7453        338        2791        1871
432        0.2596        0.7404        341        2745        1914
433        0.2669        0.7331        345        2676        1979
434        0.2678        0.7322        358        2680        1962
435        0.2574        0.7426        320        2746        1934
436        0.259        0.741        318        2728        1954
437        0.2589        0.7411        349        2760        1891
438        0.2595        0.7405        318        2723        1959
439        0.265        0.735        362        2712        1926
440        0.2692        0.7308        352        2660        1988
441        0.2742        0.7258        365        2623        2012
442        0.2878        0.7122        417        2539        2044
443        0.2814        0.7186        412        2598        1990
444        0.2868        0.7132        390        2522        2088
445        0.2894        0.7106        402        2508        2090
446        0.2833        0.7167        394        2561        2045
447        0.2923        0.7077        407        2484        2109
448        0.2857        0.7143        432        2575        1993
449        0.2848        0.7152        382        2534        2084
450        0.2834        0.7166        394        2560        2046
451        0.2736        0.7264        376        2640        1984
452        0.2728        0.7272        369        2641        1990
453        0.2545        0.7455        308        2763        1929
454        0.2621        0.7379        346        2725        1929
455        0.2818        0.7182        410        2592        1998
456        0.2878        0.7122        439        2561        2000
457        0.2791        0.7209        369        2578        2053
458        0.2657        0.7343        374        2717        1909
459        0.2672        0.7328        362        2690        1948
460        0.2718        0.7282        399        2681        1920
461        0.2628        0.7372        375        2747        1878
462        0.2587        0.7413        336        2749        1915
463        0.271        0.729        394        2684        1922
464        0.2683        0.7317        357        2674        1969
465        0.2678        0.7322        358        2680        1962
466        0.2945        0.7055        433        2488        2079
467        0.3205        0.6795        529        2324        2147
468        0.3296        0.6704        551        2255        2194
469        0.3236        0.6764        522        2286        2192
470        0.3312        0.6688        550        2238        2212
471        0.3262        0.6738        526        2264        2210
472        0.3276        0.6724        510        2234        2256
473        0.3325        0.6675        555        2230        2215
474        0.3275        0.6725        548        2273        2179
475        0.3202        0.6798        504        2302        2194
476        0.3165        0.6835        499        2334        2167
477        0.3202        0.6798        526        2324        2150
478        0.3171        0.6829        513        2342        2145
479        0.3191        0.6809        539        2348        2113
480        0.3242        0.6758        525        2283        2192
481        0.3316        0.6684        541        2225        2234
482        0.321        0.679        523        2313        2164
483        0.3224        0.6776        499        2275        2226
484        0.3101        0.6899        501        2400        2099
485        0.3101        0.6899        500        2399        2101
486        0.3238        0.6762        524        2286        2190
487        0.3339        0.6661        563        2224        2213
488        0.3349        0.6651        567        2218        2215
489        0.3397        0.6603        560        2163        2277
490        0.3386        0.6614        587        2201        2212
491        0.3276        0.6724        519        2243        2238
492        0.3405        0.6595        542        2137        2321
493        0.3294        0.6706        537        2243        2220
494        0.3384        0.6616        595        2211        2194
495        0.3424        0.6576        610        2186        2204
496        0.3508        0.6492        624        2116        2260
497        0.357        0.643        637        2067        2296
498        0.3574        0.6426        610        2036        2354
499        0.3706        0.6294        710        2004        2286
500        0.3804        0.6196        710        1906        2384
501        0.3981        0.6019        808        1827        2365
502        0.4136        0.5864        836        1700        2464
503        0.4252        0.5748        919        1667        2414
504        0.4135        0.5865        881        1746        2373
505        0.4098        0.5902        860        1762        2378
506        0.4178        0.5822        854        1676        2470
507        0.4237        0.5763        888        1651        2461
508        0.4176        0.5824        834        1658        2508
509        0.4209        0.5791        884        1675        2441
510        0.4417        0.5583        980        1563        2457
511        0.4484        0.5516        974        1490        2536
512        0.4493        0.5507        1012        1519        2469
513        0.4508        0.5492        1004        1496        2500
514        0.4496        0.5504        997        1501        2502
515        0.4543        0.5457        1001        1458        2541
516        0.4538        0.5462        1038        1500        2462
517        0.4532        0.5468        1032        1500        2468
518        0.453        0.547        1021        1491        2488
519        0.4573        0.5427        1058        1485        2457
520        0.4448        0.5552        983        1535        2482
521        0.4456        0.5544        1012        1556        2432
522        0.4532        0.5468        1019        1487        2494
523        0.4619        0.5381        1052        1433        2515
524        0.4544        0.5456        1022        1478        2500
525        0.47        0.53        1093        1393        2514
526        0.4589        0.5411        1036        1447        2517
527        0.4734        0.5266        1113        1379        2508
528        0.4672        0.5328        1082        1410        2508
529        0.4676        0.5324        1083        1407        2510
530        0.4775        0.5225        1114        1339        2547
531        0.4831        0.5169        1161        1330        2509
532        0.4826        0.5174        1162        1336        2502
533        0.4717        0.5283        1096        1379        2525
534        0.4621        0.5379        1081        1460        2459
535        0.4619        0.5381        1068        1449        2483
536        0.4467        0.5533        1012        1545        2443
537        0.4589        0.5411        1037        1448        2515
538        0.4451        0.5549        968        1517        2515
539        0.4477        0.5523        994        1517        2489
540        0.4467        0.5533        1014        1547        2439
541        0.449        0.551        1002        1512        2486
542        0.4564        0.5436        1028        1464        2508
543        0.4556        0.5444        1031        1475        2494
544        0.4534        0.5466        1050        1516        2434
545        0.4556        0.5444        1057        1501        2442
546        0.4519        0.5481        1000        1481        2519
547        0.4458        0.5542        1015        1557        2428
548        0.4545        0.5455        1007        1462        2531
549        0.4548        0.5452        1018        1470        2512
550        0.4556        0.5444        1038        1482        2480
551        0.4484        0.5516        1014        1530        2456
552        0.4521        0.5479        1031        1510        2459
553        0.4474        0.5526        991        1517        2492
554        0.4423        0.5577        973        1550        2477
555        0.4373        0.5627        981        1608        2411
556        0.4429        0.5571        993        1564        2443
557        0.4494        0.5506        1004        1510        2486
558        0.4662        0.5338        1087        1425        2488
559        0.4681        0.5319        1051        1370        2579
560        0.468        0.532        1091        1411        2498
561        0.4707        0.5293        1070        1363        2567
562        0.4749        0.5251        1116        1367        2517
563        0.462        0.538        1043        1423        2534
564        0.4405        0.5595        990        1585        2425
565        0.4544        0.5456        1024        1480        2496
566        0.4566        0.5434        1041        1475        2484
567        0.4603        0.5397        1062        1459        2479
568        0.4716        0.5284        1147        1431        2422
569        0.4707        0.5293        1129        1422        2449
570        0.4746        0.5254        1131        1385        2484
571        0.4912        0.5088        1229        1317        2454
572        0.4887        0.5113        1196        1309        2495
573        0.4954        0.5046        1228        1274        2498
574        0.505        0.495        1303        1253        2444
575        0.5148        0.4852        1314        1166        2520
576        0.5247        0.4753        1377        1130        2493
577        0.5124        0.4876        1335        1211        2454
578        0.5054        0.4946        1255        1201        2544
579        0.4948        0.5052        1239        1291        2470
580        0.5043        0.4957        1270        1227        2503
581        0.5201        0.4799        1350        1149        2501
582        0.5247        0.4753        1375        1128        2497
583        0.5171        0.4829        1340        1169        2491
584        0.5249        0.4751        1373        1124        2503
585        0.5167        0.4833        1355        1188        2457
586        0.531        0.469        1427        1117        2456
587        0.5338        0.4662        1449        1111        2440
588        0.5359        0.4641        1438        1079        2483
589        0.5365        0.4635        1473        1108        2419
590        0.5424        0.4576        1469        1045        2486
591        0.5574        0.4426        1521        947        2532
592        0.5692        0.4308        1612        920        2468
593        0.5685        0.4315        1578        893        2529
594        0.5668        0.4332        1609        941        2450
595        0.565        0.435        1606        956        2438
596        0.563        0.437        1588        958        2454
597        0.5546        0.4454        1500        954        2546
598        0.558        0.442        1561        981        2458
599        0.543        0.457        1473        1043        2484
600        0.5409        0.4591        1458        1049        2493
601        0.5355        0.4645        1435        1080        2485
602        0.5244        0.4756        1364        1120        2516
603        0.5232        0.4768        1352        1120        2528
604        0.5135        0.4865        1322        1187        2491
605        0.5106        0.4894        1284        1178        2538
606        0.5136        0.4864        1297        1161        2542
607        0.5021        0.4979        1254        1233        2513
608        0.5124        0.4876        1283        1159        2558
609        0.5108        0.4892        1311        1203        2486
610        0.5195        0.4805        1356        1161        2483
611        0.5306        0.4694        1398        1092        2510
612        0.5235        0.4765        1371        1136        2493
613        0.526        0.474        1394        1134        2472
614        0.5154        0.4846        1310        1156        2534
615        0.5154        0.4846        1345        1191        2464
616        0.5185        0.4815        1307        1122        2571
617        0.5173        0.4827        1347        1174        2479
618        0.5307        0.4693        1406        1099        2495
619        0.5319        0.4681        1409        1090        2501
620        0.5349        0.4651        1434        1085        2481
621        0.5363        0.4637        1428        1065        2507
622        0.5299        0.4701        1413        1114        2473
623        0.5245        0.4755        1399        1154        2447
624        0.5057        0.4943        1299        1242        2459
625        0.5087        0.4913        1273        1186        2541
626        0.5106        0.4894        1304        1198        2498
627        0.5071        0.4929        1277        1206        2517
628        0.5072        0.4928        1256        1184        2560
629        0.4955        0.5045        1227        1272        2501
630        0.493        0.507        1234        1304        2462
631        0.4896        0.5104        1203        1307        2490
632        0.4985        0.5015        1257        1272        2471
633        0.4982        0.5018        1237        1255        2508
634        0.5074        0.4926        1280        1206        2514
635        0.4946        0.5054        1230        1284        2486
636        0.4951        0.5049        1243        1292        2465
637        0.4958        0.5042        1234        1276        2490
638        0.4889        0.5111        1195        1306        2499
639        0.4865        0.5135        1171        1306        2523
640        0.4647        0.5353        1112        1465        2423
641        0.4692        0.5308        1113        1421        2466
642        0.4692        0.5308        1070        1378        2552
643        0.4704        0.5296        1123        1419        2458
644        0.4589        0.5411        1058        1469        2473
645        0.4415        0.5585        960        1545        2495
646        0.4275        0.5725        921        1646        2433
647        0.4369        0.5631        921        1552        2527
648        0.4292        0.5708        942        1650        2408
649        0.4098        0.5902        853        1755        2392
650        0.4107        0.5893        853        1746        2401
651        0.4046        0.5954        785        1739        2476
652        0.4246        0.5754        907        1661        2432
653        0.4285        0.5715        916        1631        2453
654        0.433        0.567        935        1605        2460
655        0.4284        0.5716        920        1636        2444
656        0.4307        0.5693        951        1644        2405
657        0.423        0.577        898        1668        2434
658        0.4077        0.5923        846        1769        2385
659        0.4168        0.5832        869        1701        2430
660        0.4166        0.5834        859        1693        2448
661        0.4014        0.5986        807        1793        2400
662        0.3914        0.6086        757        1843        2400
663        0.3918        0.6082        781        1863        2356
664        0.3855        0.6145        717        1862        2421
665        0.3654        0.6346        665        2011        2324
666        0.354        0.646        615        2075        2310
667        0.3467        0.6533        610        2143        2247
668        0.3491        0.6509        588        2097        2315
669        0.3499        0.6501        598        2099        2303
670        0.347        0.653        576        2106        2318
671        0.3513        0.6487        628        2115        2257
672        0.353        0.647        600        2070        2330
673        0.3363        0.6637        572        2209        2219
674        0.3372        0.6628        543        2171        2286
675        0.3301        0.6699        549        2248        2203
676        0.3465        0.6535        646        2181        2173
677        0.3403        0.6597        549        2146        2305
678        0.3357        0.6643        554        2197        2249
679        0.3467        0.6533        616        2149        2235
680        0.3432        0.6568        597        2165        2238
681        0.3487        0.6513        605        2118        2277
682        0.3507        0.6493        596        2089        2315
683        0.3385        0.6615        559        2174        2267
684        0.3299        0.6701        543        2244        2213
685        0.346        0.654        608        2148        2244
686        0.3417        0.6583        572        2155        2273
687        0.3374        0.6626        560        2186        2254
688        0.3418        0.6582        584        2166        2250
689        0.3348        0.6652        575        2227        2198
690        0.3384        0.6616        599        2215        2186
691        0.3299        0.6701        541        2242        2217
692        0.3245        0.6755        529        2284        2187
693        0.3213        0.6787        511        2298        2191
694        0.3161        0.6839        481        2320        2199
695        0.3078        0.6922        496        2418        2086
696        0.3034        0.6966        472        2438        2090
697        0.2995        0.7005        446        2451        2103
698        0.3012        0.6988        488        2476        2036
699        0.2946        0.7054        423        2477        2100
700        0.2919        0.7081        438        2519        2043
701        0.288        0.712        421        2541        2038
702        0.2963        0.7037        428        2465        2107
703        0.3006        0.6994        463        2457        2080
704        0.3065        0.6935        479        2414        2107
705        0.3006        0.6994        453        2447        2100
706        0.3106        0.6894        477        2371        2152
707        0.2879        0.7121        416        2537        2047
708        0.2832        0.7168        407        2575        2018
709        0.2845        0.7155        417        2572        2011
710        0.2742        0.7258        394        2652        1954
711        0.2767        0.7233        383        2616        2001
712        0.2813        0.7187        378        2565        2057
713        0.2705        0.7295        356        2651        1993
714        0.2635        0.7365        348        2713        1939
715        0.2691        0.7309        364        2673        1963
716        0.262        0.738        377        2757        1866
717        0.2662        0.7338        340        2678        1982
718        0.2637        0.7363        357        2720        1923
719        0.2747        0.7253        369        2622        2009
720        0.2829        0.7171        408        2579        2013
721        0.2737        0.7263        368        2631        2001
722        0.281        0.719        387        2577        2036
723        0.2936        0.7064        445        2509        2046
724        0.3062        0.6938        447        2385        2168
725        0.3039        0.6961        441        2402        2157
726        0.2945        0.7055        453        2508        2039
727        0.3037        0.6963        458        2421        2121
728        0.2965        0.7035        447        2482        2071
729        0.3021        0.6979        445        2424        2131
730        0.3062        0.6938        470        2408        2122
731        0.3122        0.6878        493        2371        2136
732        0.3076        0.6924        462        2386        2152
733        0.2928        0.7072        443        2515        2042
734        0.2973        0.7027        442        2469        2089
735        0.2979        0.7021        439        2460        2101
736        0.2985        0.7015        438        2453        2109
737        0.2857        0.7143        385        2528        2087
738        0.2841        0.7159        380        2539        2081
739        0.2956        0.7044        417        2461        2122
740        0.2929        0.7071        415        2486        2099
741        0.2934        0.7066        426        2492        2082
742        0.2933        0.7067        445        2512        2043
743        0.295        0.705        442        2492        2066
744        0.2879        0.7121        402        2523        2075
745        0.2832        0.7168        404        2572        2024
746        0.2772        0.7228        361        2589        2050
747        0.2758        0.7242        382        2624        1994
748        0.2663        0.7337        351        2688        1961
749        0.273        0.727        363        2633        2004
750        0.2742        0.7258        347        2605        2048
751        0.2888        0.7112        423        2535        2042
752        0.2927        0.7073        428        2501        2071
753        0.2876        0.7124        412        2536        2052
754        0.2918        0.7082        412        2494        2094
755        0.2939        0.7061        455        2516        2029
756        0.3039        0.6961        447        2408        2145
757        0.3003        0.6997        465        2462        2073
758        0.2906        0.7094        420        2514        2066
759        0.2875        0.7125        445        2570        1985
760        0.2866        0.7134        404        2538        2058
761        0.304        0.696        449        2409        2142
762        0.2936        0.7064        421        2485        2094
763        0.3025        0.6975        469        2444        2087
764        0.3275        0.6725        544        2269        2187
765        0.329        0.671        528        2238        2234
766        0.3437        0.6563        610        2173        2217
767        0.3396        0.6604        573        2177        2250
768        0.3456        0.6544        589        2133        2278
769        0.339        0.661        587        2197        2216
770        0.3345        0.6655        550        2205        2245
771        0.322        0.678        510        2290        2200
772        0.331        0.669        554        2244        2202
773        0.3414        0.6586        620        2206        2174
774        0.3384        0.6616        588        2204        2208
775        0.3396        0.6604        590        2194        2216
776        0.3483        0.6517        598        2115        2287
777        0.3507        0.6493        633        2126        2241
778        0.3406        0.6594        582        2176        2242
779        0.3378        0.6622        581        2203        2216
780        0.3456        0.6544        580        2124        2296
781        0.3529        0.6471        611        2082        2307
782        0.3608        0.6392        661        2053        2286
783        0.3619        0.6381        628        2009        2363
784        0.3699        0.6301        699        2000        2301
785        0.3678        0.6322        647        1969        2384
786        0.3635        0.6365        655        2020        2325
787        0.3711        0.6289        675        1964        2361
788        0.3582        0.6418        646        2064        2290
789        0.3421        0.6579        579        2158        2263
790        0.3464        0.6536        615        2151        2234
791        0.3399        0.6601        603        2204        2193
792        0.3363        0.6637        576        2213        2211
793        0.3356        0.6644        539        2183        2278
794        0.3595        0.6405        656        2061        2283
795        0.3609        0.6391        639        2030        2331
796        0.3713        0.6287        706        1993        2301
797        0.3694        0.6306        688        1994        2318
798        0.3867        0.6133        728        1861        2411
799        0.3821        0.6179        726        1905        2369
800        0.3739        0.6261        714        1975        2311
801        0.3811        0.6189        730        1919        2351
802        0.3831        0.6169        720        1889        2391
803        0.3788        0.6212        716        1928        2356
804        0.3965        0.6035        754        1789        2457
805        0.3987        0.6013        794        1807        2399
806        0.3974        0.6026        771        1797        2432
807        0.3959        0.6041        781        1822        2397
808        0.4084        0.5916        826        1742        2432
809        0.4091        0.5909        832        1741        2427
810        0.4161        0.5839        854        1693        2453
811        0.4143        0.5857        853        1710        2437
812        0.3996        0.6004        815        1819        2366
813        0.3839        0.6161        738        1899        2363
814        0.374        0.626        684        1944        2372
815        0.3779        0.6221        705        1926        2369
816        0.3705        0.6295        710        2005        2285
817        0.3728        0.6272        700        1972        2328
818        0.3784        0.6216        708        1924        2368
819        0.3812        0.6188        737        1925        2338
820        0.3621        0.6379        657        2036        2307
821        0.3614        0.6386        660        2046        2294
822        0.3667        0.6333        666        1999        2335
823        0.3725        0.6275        686        1961        2353
824        0.3888        0.6112        766        1878        2356
825        0.3995        0.6005        793        1798        2409
826        0.3749        0.6251        717        1968        2315
827        0.3679        0.6321        676        1997        2327
828        0.3668        0.6332        686        2018        2296
829        0.364        0.636        654        2014        2332
830        0.3712        0.6288        683        1971        2346
831        0.3728        0.6272        703        1975        2322
832        0.3683        0.6317        668        1985        2347
833        0.3619        0.6381        635        2016        2349
834        0.3673        0.6327        682        2009        2309
835        0.3645        0.6355        657        2012        2331
836        0.3639        0.6361        671        2032        2297
837        0.3694        0.6306        696        2002        2302
838        0.3728        0.6272        672        1944        2384
839        0.363        0.637        665        2035        2300
840        0.3766        0.6234        695        1929        2376
841        0.376        0.624        725        1965        2310
842        0.3707        0.6293        698        1991        2311
843        0.3735        0.6265        686        1951        2363
844        0.3849        0.6151        737        1888        2375
845        0.3872        0.6128        744        1872        2384
846        0.394        0.606        795        1855        2350
847        0.4022        0.5978        779        1757        2464
848        0.4018        0.5982        793        1775        2432
849        0.4025        0.5975        824        1799        2377
850        0.4079        0.5921        848        1769        2383
851        0.4098        0.5902        855        1757        2388
852        0.3911        0.6089        763        1852        2385
853        0.3811        0.6189        749        1938        2313
854        0.3756        0.6244        681        1925        2394
855        0.3829        0.6171        743        1914        2343
856        0.383        0.617        718        1888        2394
857        0.3794        0.6206        708        1914        2378
858        0.382        0.618        725        1905        2370
859        0.3884        0.6116        756        1872        2372
860        0.3819        0.6181        712        1893        2395
861        0.3914        0.6086        773        1859        2368
862        0.3831        0.6169        733        1902        2365
863        0.3951        0.6049        777        1826        2397
864        0.4118        0.5882        833        1715        2452
865        0.4037        0.5963        822        1785        2393
866        0.407        0.593        808        1738        2454
867        0.4121        0.5879        822        1701        2477
868        0.4129        0.5871        851        1722        2427
869        0.4085        0.5915        855        1770        2375
870        0.3988        0.6012        807        1819        2374
871        0.4123        0.5877        824        1701        2475
872        0.4015        0.5985        818        1803        2379
873        0.3989        0.6011        783        1794        2423
874        0.4148        0.5852        840        1692        2468
875        0.4239        0.5761        908        1669        2423
876        0.4311        0.5689        887        1576        2537
877        0.4229        0.5771        920        1691        2389
878        0.4278        0.5722        975        1697        2328
879        0.4352        0.5648        925        1573        2502
880        0.438        0.562        955        1575        2470
881        0.4224        0.5776        903        1679        2418
882        0.4133        0.5867        852        1719        2429
883        0.4073        0.5927        846        1773        2381
884        0.4079        0.5921        816        1737        2447
885        0.4121        0.5879        862        1741        2397
886        0.4267        0.5733        881        1614        2505
887        0.4333        0.5667        941        1608        2451
888        0.4403        0.5597        977        1574        2449
889        0.4362        0.5638        952        1590        2458
890        0.4315        0.5685        921        1606        2473
891        0.4394        0.5606        974        1580        2446
892        0.4431        0.5569        979        1548        2473
893        0.4524        0.5476        1007        1483        2510
894        0.4518        0.5482        1026        1508        2466
895        0.4612        0.5388        1082        1470        2448
896        0.4557        0.5443        1045        1488        2467
897        0.4632        0.5368        1054        1422        2524
898        0.4575        0.5425        1064        1489        2447
899        0.4719        0.5281        1127        1408        2465
900        0.4692        0.5308        1081        1389        2530
901        0.463        0.537        1070        1440        2490
902        0.4722        0.5278        1099        1377        2524
903        0.4739        0.5261        1125        1386        2489
904        0.4746        0.5254        1148        1402        2450
905        0.4731        0.5269        1133        1402        2465
906        0.4667        0.5333        1074        1407        2519
907        0.4881        0.5119        1210        1329        2461
908        0.4943        0.5057        1226        1283        2491
909        0.481        0.519        1154        1344        2502
910        0.4855        0.5145        1170        1315        2515
911        0.4848        0.5152        1160        1312        2528
912        0.4875        0.5125        1207        1332        2461
913        0.4948        0.5052        1218        1270        2512
914        0.5082        0.4918        1300        1218        2482
915        0.4988        0.5012        1304        1316        2380
916        0.5171        0.4829        1317        1146        2537
917        0.5248        0.4752        1384        1136        2480
918        0.5276        0.4724        1368        1092        2540
919        0.5305        0.4695        1382        1077        2541
920        0.5365        0.4635        1454        1089        2457
921        0.5369        0.4631        1445        1076        2479
922        0.5369        0.4631        1441        1072        2487
923        0.537        0.463        1427        1057        2516
924        0.541        0.459        1448        1038        2514
925        0.5399        0.4601        1440        1041        2519
926        0.5513        0.4487        1526        1013        2461
927        0.5544        0.4456        1537        993        2470
928        0.5599        0.4401        1560        961        2479
929        0.5748        0.4252        1647        899        2454
930        0.5815        0.4185        1668        853        2479
931        0.5829        0.4171        1717        888        2395
932        0.5652        0.4348        1576        924        2500
933        0.5608        0.4392        1579        971        2450
934        0.5603        0.4397        1575        972        2453
935        0.5498        0.4502        1523        1025        2452
936        0.5523        0.4477        1529        1006        2465
937        0.5524        0.4476        1522        998        2480
938        0.5542        0.4458        1510        968        2522
939        0.5546        0.4454        1547        1001        2452
940        0.5607        0.4393        1571        964        2465
941        0.5554        0.4446        1515        961        2524
942        0.5328        0.4672        1428        1100        2472
943        0.5266        0.4734        1382        1116        2502
944        0.5112        0.4888        1301        1189        2510
945        0.5204        0.4796        1337        1133        2530
946        0.5281        0.4719        1387        1106        2507
947        0.5167        0.4833        1367        1200        2433
948        0.5089        0.4911        1298        1209        2493
949        0.5189        0.4811        1347        1158        2495
950        0.5386        0.4614        1480        1094        2426
951        0.5337        0.4663        1446        1109        2445
952        0.5255        0.4745        1380        1125        2495
953        0.522        0.478        1353        1133        2514
954        0.5124        0.4876        1295        1171        2534
955        0.529        0.471        1391        1101        2508
956        0.5346        0.4654        1439        1093        2468
957        0.5341        0.4659        1413        1072        2515
958        0.5409        0.4591        1472        1063        2465
959        0.5394        0.4606        1451        1057        2492
960        0.549        0.451        1556        1066        2378
961        0.5428        0.4572        1484        1056        2460
962        0.5552        0.4448        1531        979        2490
963        0.5587        0.4413        1556        969        2475
964        0.576        0.424        1664        904        2432
965        0.5685        0.4315        1606        921        2473
966        0.5599        0.4401        1548        949        2503
967        0.555        0.445        1538        988        2474
968        0.5557        0.4443        1535        978        2487
969        0.5632        0.4368        1556        924        2520
970        0.5719        0.4281        1650        931        2419
971        0.5718        0.4282        1646        928        2426
972        0.572        0.428        1643        923        2434
973        0.5764        0.4236        1663        899        2438
974        0.5795        0.4205        1682        887        2431
975        0.566        0.434        1589        929        2482
976        0.5668        0.4332        1591        923        2486
977        0.5671        0.4329        1588        917        2495
978        0.5619        0.4381        1578        959        2463
979        0.5578        0.4422        1569        991        2440
980        0.5616        0.4384        1548        932        2520
981        0.5669        0.4331        1602        933        2465
982        0.5582        0.4418        1558        976        2466
983        0.5433        0.4567        1466        1033        2501
984        0.5588        0.4412        1563        975        2462
985        0.5614        0.4386        1569        955        2476
986        0.5578        0.4422        1537        959        2504
987        0.5654        0.4346        1601        947        2452
988        0.5722        0.4278        1640        918        2442
989        0.5642        0.4358        1603        961        2436
990        0.5509        0.4491        1552        1043        2405
991        0.5666        0.4334        1594        928        2478
992        0.5796        0.4204        1674        878        2448
993        0.5805        0.4195        1697        892        2411
994        0.5854        0.4146        1722        868        2410
995        0.593        0.407        1770        840        2390
996        0.5961        0.4039        1756        795        2449
997        0.5872        0.4128        1721        849        2430
998        0.5697        0.4303        1623        926        2451
999        0.5729        0.4271        1636        907        2457
