     t           p           q          AA          aa          Aa
     0      0.6638           0.3362           4913.0              0.0           10087.0
     1      0.7517           0.2483           7552.0              0.0           7448.0
     2      0.8014           0.1986           9043.0              0.0           5957.0
     3      0.8327           0.1673           9981.0              0.0           5019.0
     4      0.8589           0.1411           10767.0              0.0           4233.0
     5      0.8748           0.1252           11245.0              0.0           3755.0
     6      0.8909           0.1091           11727.0              0.0           3273.0
     7      0.9009           0.0991           12026.0              0.0           2974.0
     8      0.9091           0.0909           12273.0              0.0           2727.0
     9      0.9144           0.0856           12433.0              0.0           2567.0
    10      0.9203           0.0797           12609.0              0.0           2391.0
    11      0.9282           0.0718           12846.0              0.0           2154.0
    12      0.9313           0.0687           12938.0              0.0           2062.0
    13      0.9357           0.0643           13071.0              0.0           1929.0
    14      0.9411           0.0589           13232.0              0.0           1768.0
    15      0.9463           0.0537           13389.0              0.0           1611.0
    16      0.9498           0.0502           13495.0              0.0           1505.0
    17      0.9507           0.0493           13520.0              0.0           1480.0
    18      0.9530           0.0470           13590.0              0.0           1410.0
    19      0.9556           0.0444           13667.0              0.0           1333.0
    20      0.9574           0.0426           13721.0              0.0           1279.0
    21      0.9585           0.0415           13754.0              0.0           1246.0
    22      0.9604           0.0396           13811.0              0.0           1189.0
    23      0.9613           0.0387           13838.0              0.0           1162.0
    24      0.9626           0.0374           13877.0              0.0           1123.0
    25      0.9638           0.0362           13915.0              0.0           1085.0
    26      0.9634           0.0366           13901.0              0.0           1099.0
    27      0.9650           0.0350           13950.0              0.0           1050.0
    28      0.9656           0.0344           13969.0              0.0           1031.0
    29      0.9676           0.0324           14029.0              0.0            971.0
    30      0.9693           0.0307           14078.0              0.0            922.0
    31      0.9703           0.0297           14108.0              0.0            892.0
    32      0.9715           0.0285           14144.0              0.0            856.0
    33      0.9728           0.0272           14185.0              0.0            815.0
    34      0.9728           0.0272           14185.0              0.0            815.0
    35      0.9723           0.0277           14170.0              0.0            830.0
    36      0.9741           0.0259           14224.0              0.0            776.0
    37      0.9747           0.0253           14240.0              0.0            760.0
    38      0.9754           0.0246           14262.0              0.0            738.0
    39      0.9749           0.0251           14247.0              0.0            753.0
    40      0.9756           0.0244           14269.0              0.0            731.0
    41      0.9779           0.0221           14336.0              0.0            664.0
    42      0.9766           0.0234           14297.0              0.0            703.0
    43      0.9770           0.0230           14311.0              0.0            689.0
    44      0.9766           0.0234           14299.0              0.0            701.0
    45      0.9774           0.0226           14321.0              0.0            679.0
    46      0.9781           0.0219           14343.0              0.0            657.0
    47      0.9791           0.0209           14374.0              0.0            626.0
    48      0.9792           0.0208           14377.0              0.0            623.0
    49      0.9794           0.0206           14381.0              0.0            619.0
    50      0.9799           0.0201           14396.0              0.0            604.0
    51      0.9795           0.0205           14386.0              0.0            614.0
    52      0.9802           0.0198           14406.0              0.0            594.0
    53      0.9786           0.0214           14358.0              0.0            642.0
    54      0.9790           0.0210           14369.0              0.0            631.0
    55      0.9789           0.0211           14367.0              0.0            633.0
    56      0.9810           0.0190           14430.0              0.0            570.0
    57      0.9823           0.0177           14468.0              0.0            532.0
    58      0.9820           0.0180           14461.0              0.0            539.0
    59      0.9825           0.0175           14474.0              0.0            526.0
    60      0.9830           0.0170           14489.0              0.0            511.0
    61      0.9834           0.0166           14501.0              0.0            499.0
    62      0.9837           0.0163           14511.0              0.0            489.0
    63      0.9848           0.0152           14545.0              0.0            455.0
    64      0.9852           0.0148           14556.0              0.0            444.0
    65      0.9856           0.0144           14568.0              0.0            432.0
    66      0.9862           0.0138           14587.0              0.0            413.0
    67      0.9867           0.0133           14600.0              0.0            400.0
    68      0.9877           0.0123           14632.0              0.0            368.0
    69      0.9879           0.0121           14638.0              0.0            362.0
    70      0.9883           0.0117           14649.0              0.0            351.0
    71      0.9891           0.0109           14673.0              0.0            327.0
    72      0.9889           0.0111           14668.0              0.0            332.0
    73      0.9890           0.0110           14670.0              0.0            330.0
    74      0.9884           0.0116           14653.0              0.0            347.0
    75      0.9881           0.0119           14642.0              0.0            358.0
    76      0.9881           0.0119           14642.0              0.0            358.0
    77      0.9895           0.0105           14685.0              0.0            315.0
    78      0.9898           0.0102           14695.0              0.0            305.0
    79      0.9902           0.0098           14705.0              0.0            295.0
    80      0.9908           0.0092           14725.0              0.0            275.0
    81      0.9912           0.0088           14736.0              0.0            264.0
    82      0.9910           0.0090           14731.0              0.0            269.0
    83      0.9922           0.0078           14766.0              0.0            234.0
    84      0.9924           0.0076           14773.0              0.0            227.0
    85      0.9929           0.0071           14788.0              0.0            212.0
    86      0.9925           0.0075           14776.0              0.0            224.0
    87      0.9938           0.0062           14814.0              0.0            186.0
    88      0.9942           0.0058           14825.0              0.0            175.0
    89      0.9937           0.0063           14812.0              0.0            188.0
    90      0.9944           0.0056           14833.0              0.0            167.0
    91      0.9942           0.0058           14827.0              0.0            173.0
    92      0.9943           0.0057           14828.0              0.0            172.0
    93      0.9937           0.0063           14810.0              0.0            190.0
    94      0.9938           0.0062           14814.0              0.0            186.0
    95      0.9949           0.0051           14846.0              0.0            154.0
    96      0.9950           0.0050           14851.0              0.0            149.0
    97      0.9952           0.0048           14855.0              0.0            145.0
    98      0.9951           0.0049           14854.0              0.0            146.0
    99      0.9954           0.0046           14862.0              0.0            138.0
   100      0.9959           0.0041           14878.0              0.0            122.0
   101      0.9961           0.0039           14882.0              0.0            118.0
   102      0.9963           0.0037           14889.0              0.0            111.0
   103      0.9967           0.0033           14901.0              0.0             99.0
   104      0.9968           0.0032           14905.0              0.0             95.0
   105      0.9964           0.0036           14892.0              0.0            108.0
   106      0.9956           0.0044           14869.0              0.0            131.0
   107      0.9951           0.0049           14853.0              0.0            147.0
   108      0.9955           0.0045           14865.0              0.0            135.0
   109      0.9958           0.0042           14873.0              0.0            127.0
   110      0.9962           0.0038           14887.0              0.0            113.0
   111      0.9954           0.0046           14861.0              0.0            139.0
   112      0.9955           0.0045           14865.0              0.0            135.0
   113      0.9956           0.0044           14867.0              0.0            133.0
   114      0.9956           0.0044           14869.0              0.0            131.0
   115      0.9958           0.0042           14874.0              0.0            126.0
   116      0.9965           0.0035           14895.0              0.0            105.0
   117      0.9973           0.0027           14918.0              0.0             82.0
   118      0.9973           0.0027           14920.0              0.0             80.0
   119      0.9969           0.0031           14908.0              0.0             92.0
   120      0.9969           0.0031           14908.0              0.0             92.0
   121      0.9969           0.0031           14907.0              0.0             93.0
   122      0.9968           0.0032           14903.0              0.0             97.0
   123      0.9970           0.0030           14910.0              0.0             90.0
   124      0.9971           0.0029           14913.0              0.0             87.0
   125      0.9969           0.0031           14907.0              0.0             93.0
   126      0.9974           0.0026           14923.0              0.0             77.0
   127      0.9978           0.0022           14933.0              0.0             67.0
   128      0.9974           0.0026           14923.0              0.0             77.0
   129      0.9977           0.0023           14931.0              0.0             69.0
   130      0.9976           0.0024           14928.0              0.0             72.0
   131      0.9980           0.0020           14939.0              0.0             61.0
   132      0.9978           0.0022           14934.0              0.0             66.0
   133      0.9982           0.0018           14945.0              0.0             55.0
   134      0.9982           0.0018           14946.0              0.0             54.0
   135      0.9986           0.0014           14957.0              0.0             43.0
   136      0.9985           0.0015           14954.0              0.0             46.0
   137      0.9985           0.0015           14954.0              0.0             46.0
   138      0.9990           0.0010           14969.0              0.0             31.0
   139      0.9988           0.0012           14964.0              0.0             36.0
   140      0.9986           0.0014           14959.0              0.0             41.0
   141      0.9986           0.0014           14959.0              0.0             41.0
   142      0.9986           0.0014           14959.0              0.0             41.0
   143      0.9990           0.0010           14970.0              0.0             30.0
   144      0.9987           0.0013           14960.0              0.0             40.0
   145      0.9988           0.0012           14965.0              0.0             35.0
   146      0.9987           0.0013           14961.0              0.0             39.0
   147      0.9989           0.0011           14968.0              0.0             32.0
   148      0.9985           0.0015           14956.0              0.0             44.0
   149      0.9985           0.0015           14956.0              0.0             44.0
   150      0.9982           0.0018           14947.0              0.0             53.0
   151      0.9980           0.0020           14939.0              0.0             61.0
   152      0.9980           0.0020           14940.0              0.0             60.0
   153      0.9978           0.0022           14935.0              0.0             65.0
   154      0.9981           0.0019           14944.0              0.0             56.0
   155      0.9981           0.0019           14943.0              0.0             57.0
   156      0.9980           0.0020           14939.0              0.0             61.0
   157      0.9977           0.0023           14932.0              0.0             68.0
   158      0.9977           0.0023           14931.0              0.0             69.0
   159      0.9979           0.0021           14938.0              0.0             62.0
   160      0.9981           0.0019           14942.0              0.0             58.0
   161      0.9983           0.0017           14948.0              0.0             52.0
   162      0.9977           0.0023           14930.0              0.0             70.0
   163      0.9977           0.0023           14931.0              0.0             69.0
   164      0.9981           0.0019           14943.0              0.0             57.0
   165      0.9982           0.0018           14946.0              0.0             54.0
   166      0.9983           0.0017           14950.0              0.0             50.0
   167      0.9987           0.0013           14961.0              0.0             39.0
   168      0.9986           0.0014           14957.0              0.0             43.0
   169      0.9989           0.0011           14966.0              0.0             34.0
   170      0.9993           0.0007           14980.0              0.0             20.0
   171      0.9995           0.0005           14986.0              0.0             14.0
   172      0.9993           0.0007           14978.0              0.0             22.0
   173      0.9995           0.0005           14986.0              0.0             14.0
   174      0.9997           0.0003           14990.0              0.0             10.0
   175      0.9997           0.0003           14992.0              0.0              8.0
   176      0.9996           0.0004           14987.0              0.0             13.0
   177      0.9992           0.0008           14977.0              0.0             23.0
   178      0.9993           0.0007           14978.0              0.0             22.0
   179      0.9994           0.0006           14982.0              0.0             18.0
   180      0.9994           0.0006           14983.0              0.0             17.0
   181      0.9995           0.0005           14984.0              0.0             16.0
   182      0.9997           0.0003           14991.0              0.0              9.0
   183      0.9998           0.0002           14994.0              0.0              6.0
   184      0.9997           0.0003           14991.0              0.0              9.0
   185      0.9998           0.0002           14995.0              0.0              5.0
   186      0.9998           0.0002           14995.0              0.0              5.0
   187      0.9999           0.0001           14996.0              0.0              4.0
   188      0.9999           0.0001           14997.0              0.0              3.0
   189      0.9999           0.0001           14998.0              0.0              2.0
   190      1.0000           0.0000           14999.0              0.0              1.0
   191      1.0000           0.0000           15000.0              0.0              0.0
   192      1.0000           0.0000           15000.0              0.0              0.0
   193      1.0000           0.0000           15000.0              0.0              0.0
   194      1.0000           0.0000           15000.0              0.0              0.0
   195      1.0000           0.0000           15000.0              0.0              0.0
   196      1.0000           0.0000           15000.0              0.0              0.0
   197      1.0000           0.0000           15000.0              0.0              0.0
   198      1.0000           0.0000           15000.0              0.0              0.0
   199      1.0000           0.0000           15000.0              0.0              0.0
   200      1.0000           0.0000           15000.0              0.0              0.0
   201      1.0000           0.0000           15000.0              0.0              0.0
   202      1.0000           0.0000           15000.0              0.0              0.0
   203      1.0000           0.0000           15000.0              0.0              0.0
   204      1.0000           0.0000           15000.0              0.0              0.0
   205      1.0000           0.0000           15000.0              0.0              0.0
   206      1.0000           0.0000           15000.0              0.0              0.0
   207      1.0000           0.0000           15000.0              0.0              0.0
   208      1.0000           0.0000           15000.0              0.0              0.0
   209      1.0000           0.0000           15000.0              0.0              0.0
   210      1.0000           0.0000           15000.0              0.0              0.0
   211      1.0000           0.0000           15000.0              0.0              0.0
   212      1.0000           0.0000           15000.0              0.0              0.0
   213      1.0000           0.0000           15000.0              0.0              0.0
   214      1.0000           0.0000           15000.0              0.0              0.0
   215      1.0000           0.0000           15000.0              0.0              0.0
   216      1.0000           0.0000           15000.0              0.0              0.0
   217      1.0000           0.0000           15000.0              0.0              0.0
   218      1.0000           0.0000           15000.0              0.0              0.0
   219      1.0000           0.0000           15000.0              0.0              0.0
   220      1.0000           0.0000           15000.0              0.0              0.0
   221      1.0000           0.0000           15000.0              0.0              0.0
   222      1.0000           0.0000           15000.0              0.0              0.0
   223      1.0000           0.0000           15000.0              0.0              0.0
   224      1.0000           0.0000           15000.0              0.0              0.0
   225      1.0000           0.0000           15000.0              0.0              0.0
   226      1.0000           0.0000           15000.0              0.0              0.0
   227      1.0000           0.0000           15000.0              0.0              0.0
   228      1.0000           0.0000           15000.0              0.0              0.0
   229      1.0000           0.0000           15000.0              0.0              0.0
   230      1.0000           0.0000           15000.0              0.0              0.0
   231      1.0000           0.0000           15000.0              0.0              0.0
   232      1.0000           0.0000           15000.0              0.0              0.0
   233      1.0000           0.0000           15000.0              0.0              0.0
   234      1.0000           0.0000           15000.0              0.0              0.0
   235      1.0000           0.0000           15000.0              0.0              0.0
   236      1.0000           0.0000           15000.0              0.0              0.0
   237      1.0000           0.0000           15000.0              0.0              0.0
   238      1.0000           0.0000           15000.0              0.0              0.0
   239      1.0000           0.0000           15000.0              0.0              0.0
   240      1.0000           0.0000           15000.0              0.0              0.0
   241      1.0000           0.0000           15000.0              0.0              0.0
   242      1.0000           0.0000           15000.0              0.0              0.0
   243      1.0000           0.0000           15000.0              0.0              0.0
   244      1.0000           0.0000           15000.0              0.0              0.0
   245      1.0000           0.0000           15000.0              0.0              0.0
   246      1.0000           0.0000           15000.0              0.0              0.0
   247      1.0000           0.0000           15000.0              0.0              0.0
   248      1.0000           0.0000           15000.0              0.0              0.0
   249      1.0000           0.0000           15000.0              0.0              0.0
   250      1.0000           0.0000           15000.0              0.0              0.0
   251      1.0000           0.0000           15000.0              0.0              0.0
   252      1.0000           0.0000           15000.0              0.0              0.0
   253      1.0000           0.0000           15000.0              0.0              0.0
   254      1.0000           0.0000           15000.0              0.0              0.0
   255      1.0000           0.0000           15000.0              0.0              0.0
   256      1.0000           0.0000           15000.0              0.0              0.0
   257      1.0000           0.0000           15000.0              0.0              0.0
   258      1.0000           0.0000           15000.0              0.0              0.0
   259      1.0000           0.0000           15000.0              0.0              0.0
   260      1.0000           0.0000           15000.0              0.0              0.0
   261      1.0000           0.0000           15000.0              0.0              0.0
   262      1.0000           0.0000           15000.0              0.0              0.0
   263      1.0000           0.0000           15000.0              0.0              0.0
   264      1.0000           0.0000           15000.0              0.0              0.0
   265      1.0000           0.0000           15000.0              0.0              0.0
   266      1.0000           0.0000           15000.0              0.0              0.0
   267      1.0000           0.0000           15000.0              0.0              0.0
   268      1.0000           0.0000           15000.0              0.0              0.0
   269      1.0000           0.0000           15000.0              0.0              0.0
   270      1.0000           0.0000           15000.0              0.0              0.0
   271      1.0000           0.0000           15000.0              0.0              0.0
   272      1.0000           0.0000           15000.0              0.0              0.0
   273      1.0000           0.0000           15000.0              0.0              0.0
   274      1.0000           0.0000           15000.0              0.0              0.0
   275      1.0000           0.0000           15000.0              0.0              0.0
   276      1.0000           0.0000           15000.0              0.0              0.0
   277      1.0000           0.0000           15000.0              0.0              0.0
   278      1.0000           0.0000           15000.0              0.0              0.0
   279      1.0000           0.0000           15000.0              0.0              0.0
   280      1.0000           0.0000           15000.0              0.0              0.0
   281      1.0000           0.0000           15000.0              0.0              0.0
   282      1.0000           0.0000           15000.0              0.0              0.0
   283      1.0000           0.0000           15000.0              0.0              0.0
   284      1.0000           0.0000           15000.0              0.0              0.0
   285      1.0000           0.0000           15000.0              0.0              0.0
   286      1.0000           0.0000           15000.0              0.0              0.0
   287      1.0000           0.0000           15000.0              0.0              0.0
   288      1.0000           0.0000           15000.0              0.0              0.0
   289      1.0000           0.0000           15000.0              0.0              0.0
   290      1.0000           0.0000           15000.0              0.0              0.0
   291      1.0000           0.0000           15000.0              0.0              0.0
   292      1.0000           0.0000           15000.0              0.0              0.0
   293      1.0000           0.0000           15000.0              0.0              0.0
   294      1.0000           0.0000           15000.0              0.0              0.0
   295      1.0000           0.0000           15000.0              0.0              0.0
   296      1.0000           0.0000           15000.0              0.0              0.0
   297      1.0000           0.0000           15000.0              0.0              0.0
   298      1.0000           0.0000           15000.0              0.0              0.0
   299      1.0000           0.0000           15000.0              0.0              0.0
   300      1.0000           0.0000           15000.0              0.0              0.0
   301      1.0000           0.0000           15000.0              0.0              0.0
   302      1.0000           0.0000           15000.0              0.0              0.0
   303      1.0000           0.0000           15000.0              0.0              0.0
   304      1.0000           0.0000           15000.0              0.0              0.0
   305      1.0000           0.0000           15000.0              0.0              0.0
   306      1.0000           0.0000           15000.0              0.0              0.0
   307      1.0000           0.0000           15000.0              0.0              0.0
   308      1.0000           0.0000           15000.0              0.0              0.0
   309      1.0000           0.0000           15000.0              0.0              0.0
   310      1.0000           0.0000           15000.0              0.0              0.0
   311      1.0000           0.0000           15000.0              0.0              0.0
   312      1.0000           0.0000           15000.0              0.0              0.0
   313      1.0000           0.0000           15000.0              0.0              0.0
   314      1.0000           0.0000           15000.0              0.0              0.0
   315      1.0000           0.0000           15000.0              0.0              0.0
   316      1.0000           0.0000           15000.0              0.0              0.0
   317      1.0000           0.0000           15000.0              0.0              0.0
   318      1.0000           0.0000           15000.0              0.0              0.0
   319      1.0000           0.0000           15000.0              0.0              0.0
   320      1.0000           0.0000           15000.0              0.0              0.0
   321      1.0000           0.0000           15000.0              0.0              0.0
   322      1.0000           0.0000           15000.0              0.0              0.0
   323      1.0000           0.0000           15000.0              0.0              0.0
   324      1.0000           0.0000           15000.0              0.0              0.0
   325      1.0000           0.0000           15000.0              0.0              0.0
   326      1.0000           0.0000           15000.0              0.0              0.0
   327      1.0000           0.0000           15000.0              0.0              0.0
   328      1.0000           0.0000           15000.0              0.0              0.0
   329      1.0000           0.0000           15000.0              0.0              0.0
   330      1.0000           0.0000           15000.0              0.0              0.0
   331      1.0000           0.0000           15000.0              0.0              0.0
   332      1.0000           0.0000           15000.0              0.0              0.0
   333      1.0000           0.0000           15000.0              0.0              0.0
   334      1.0000           0.0000           15000.0              0.0              0.0
   335      1.0000           0.0000           15000.0              0.0              0.0
   336      1.0000           0.0000           15000.0              0.0              0.0
   337      1.0000           0.0000           15000.0              0.0              0.0
   338      1.0000           0.0000           15000.0              0.0              0.0
   339      1.0000           0.0000           15000.0              0.0              0.0
   340      1.0000           0.0000           15000.0              0.0              0.0
   341      1.0000           0.0000           15000.0              0.0              0.0
   342      1.0000           0.0000           15000.0              0.0              0.0
   343      1.0000           0.0000           15000.0              0.0              0.0
   344      1.0000           0.0000           15000.0              0.0              0.0
   345      1.0000           0.0000           15000.0              0.0              0.0
   346      1.0000           0.0000           15000.0              0.0              0.0
   347      1.0000           0.0000           15000.0              0.0              0.0
   348      1.0000           0.0000           15000.0              0.0              0.0
   349      1.0000           0.0000           15000.0              0.0              0.0
   350      1.0000           0.0000           15000.0              0.0              0.0
   351      1.0000           0.0000           15000.0              0.0              0.0
   352      1.0000           0.0000           15000.0              0.0              0.0
   353      1.0000           0.0000           15000.0              0.0              0.0
   354      1.0000           0.0000           15000.0              0.0              0.0
   355      1.0000           0.0000           15000.0              0.0              0.0
   356      1.0000           0.0000           15000.0              0.0              0.0
   357      1.0000           0.0000           15000.0              0.0              0.0
   358      1.0000           0.0000           15000.0              0.0              0.0
   359      1.0000           0.0000           15000.0              0.0              0.0
   360      1.0000           0.0000           15000.0              0.0              0.0
   361      1.0000           0.0000           15000.0              0.0              0.0
   362      1.0000           0.0000           15000.0              0.0              0.0
   363      1.0000           0.0000           15000.0              0.0              0.0
   364      1.0000           0.0000           15000.0              0.0              0.0
   365      1.0000           0.0000           15000.0              0.0              0.0
   366      1.0000           0.0000           15000.0              0.0              0.0
   367      1.0000           0.0000           15000.0              0.0              0.0
   368      1.0000           0.0000           15000.0              0.0              0.0
   369      1.0000           0.0000           15000.0              0.0              0.0
   370      1.0000           0.0000           15000.0              0.0              0.0
   371      1.0000           0.0000           15000.0              0.0              0.0
   372      1.0000           0.0000           15000.0              0.0              0.0
   373      1.0000           0.0000           15000.0              0.0              0.0
   374      1.0000           0.0000           15000.0              0.0              0.0
   375      1.0000           0.0000           15000.0              0.0              0.0
   376      1.0000           0.0000           15000.0              0.0              0.0
   377      1.0000           0.0000           15000.0              0.0              0.0
   378      1.0000           0.0000           15000.0              0.0              0.0
   379      1.0000           0.0000           15000.0              0.0              0.0
   380      1.0000           0.0000           15000.0              0.0              0.0
   381      1.0000           0.0000           15000.0              0.0              0.0
   382      1.0000           0.0000           15000.0              0.0              0.0
   383      1.0000           0.0000           15000.0              0.0              0.0
   384      1.0000           0.0000           15000.0              0.0              0.0
   385      1.0000           0.0000           15000.0              0.0              0.0
   386      1.0000           0.0000           15000.0              0.0              0.0
   387      1.0000           0.0000           15000.0              0.0              0.0
   388      1.0000           0.0000           15000.0              0.0              0.0
   389      1.0000           0.0000           15000.0              0.0              0.0
   390      1.0000           0.0000           15000.0              0.0              0.0
   391      1.0000           0.0000           15000.0              0.0              0.0
   392      1.0000           0.0000           15000.0              0.0              0.0
   393      1.0000           0.0000           15000.0              0.0              0.0
   394      1.0000           0.0000           15000.0              0.0              0.0
   395      1.0000           0.0000           15000.0              0.0              0.0
   396      1.0000           0.0000           15000.0              0.0              0.0
   397      1.0000           0.0000           15000.0              0.0              0.0
   398      1.0000           0.0000           15000.0              0.0              0.0
   399      1.0000           0.0000           15000.0              0.0              0.0
   400      1.0000           0.0000           15000.0              0.0              0.0
   401      1.0000           0.0000           15000.0              0.0              0.0
   402      1.0000           0.0000           15000.0              0.0              0.0
   403      1.0000           0.0000           15000.0              0.0              0.0
   404      1.0000           0.0000           15000.0              0.0              0.0
   405      1.0000           0.0000           15000.0              0.0              0.0
   406      1.0000           0.0000           15000.0              0.0              0.0
   407      1.0000           0.0000           15000.0              0.0              0.0
   408      1.0000           0.0000           15000.0              0.0              0.0
   409      1.0000           0.0000           15000.0              0.0              0.0
   410      1.0000           0.0000           15000.0              0.0              0.0
   411      1.0000           0.0000           15000.0              0.0              0.0
   412      1.0000           0.0000           15000.0              0.0              0.0
   413      1.0000           0.0000           15000.0              0.0              0.0
   414      1.0000           0.0000           15000.0              0.0              0.0
   415      1.0000           0.0000           15000.0              0.0              0.0
   416      1.0000           0.0000           15000.0              0.0              0.0
   417      1.0000           0.0000           15000.0              0.0              0.0
   418      1.0000           0.0000           15000.0              0.0              0.0
   419      1.0000           0.0000           15000.0              0.0              0.0
   420      1.0000           0.0000           15000.0              0.0              0.0
   421      1.0000           0.0000           15000.0              0.0              0.0
   422      1.0000           0.0000           15000.0              0.0              0.0
   423      1.0000           0.0000           15000.0              0.0              0.0
   424      1.0000           0.0000           15000.0              0.0              0.0
   425      1.0000           0.0000           15000.0              0.0              0.0
   426      1.0000           0.0000           15000.0              0.0              0.0
   427      1.0000           0.0000           15000.0              0.0              0.0
   428      1.0000           0.0000           15000.0              0.0              0.0
   429      1.0000           0.0000           15000.0              0.0              0.0
   430      1.0000           0.0000           15000.0              0.0              0.0
   431      1.0000           0.0000           15000.0              0.0              0.0
   432      1.0000           0.0000           15000.0              0.0              0.0
   433      1.0000           0.0000           15000.0              0.0              0.0
   434      1.0000           0.0000           15000.0              0.0              0.0
   435      1.0000           0.0000           15000.0              0.0              0.0
   436      1.0000           0.0000           15000.0              0.0              0.0
   437      1.0000           0.0000           15000.0              0.0              0.0
   438      1.0000           0.0000           15000.0              0.0              0.0
   439      1.0000           0.0000           15000.0              0.0              0.0
   440      1.0000           0.0000           15000.0              0.0              0.0
   441      1.0000           0.0000           15000.0              0.0              0.0
   442      1.0000           0.0000           15000.0              0.0              0.0
   443      1.0000           0.0000           15000.0              0.0              0.0
   444      1.0000           0.0000           15000.0              0.0              0.0
   445      1.0000           0.0000           15000.0              0.0              0.0
   446      1.0000           0.0000           15000.0              0.0              0.0
   447      1.0000           0.0000           15000.0              0.0              0.0
   448      1.0000           0.0000           15000.0              0.0              0.0
   449      1.0000           0.0000           15000.0              0.0              0.0
   450      1.0000           0.0000           15000.0              0.0              0.0
   451      1.0000           0.0000           15000.0              0.0              0.0
   452      1.0000           0.0000           15000.0              0.0              0.0
   453      1.0000           0.0000           15000.0              0.0              0.0
   454      1.0000           0.0000           15000.0              0.0              0.0
   455      1.0000           0.0000           15000.0              0.0              0.0
   456      1.0000           0.0000           15000.0              0.0              0.0
   457      1.0000           0.0000           15000.0              0.0              0.0
   458      1.0000           0.0000           15000.0              0.0              0.0
   459      1.0000           0.0000           15000.0              0.0              0.0
   460      1.0000           0.0000           15000.0              0.0              0.0
   461      1.0000           0.0000           15000.0              0.0              0.0
   462      1.0000           0.0000           15000.0              0.0              0.0
   463      1.0000           0.0000           15000.0              0.0              0.0
   464      1.0000           0.0000           15000.0              0.0              0.0
   465      1.0000           0.0000           15000.0              0.0              0.0
   466      1.0000           0.0000           15000.0              0.0              0.0
   467      1.0000           0.0000           15000.0              0.0              0.0
   468      1.0000           0.0000           15000.0              0.0              0.0
   469      1.0000           0.0000           15000.0              0.0              0.0
   470      1.0000           0.0000           15000.0              0.0              0.0
   471      1.0000           0.0000           15000.0              0.0              0.0
   472      1.0000           0.0000           15000.0              0.0              0.0
   473      1.0000           0.0000           15000.0              0.0              0.0
   474      1.0000           0.0000           15000.0              0.0              0.0
   475      1.0000           0.0000           15000.0              0.0              0.0
   476      1.0000           0.0000           15000.0              0.0              0.0
   477      1.0000           0.0000           15000.0              0.0              0.0
   478      1.0000           0.0000           15000.0              0.0              0.0
   479      1.0000           0.0000           15000.0              0.0              0.0
   480      1.0000           0.0000           15000.0              0.0              0.0
   481      1.0000           0.0000           15000.0              0.0              0.0
   482      1.0000           0.0000           15000.0              0.0              0.0
   483      1.0000           0.0000           15000.0              0.0              0.0
   484      1.0000           0.0000           15000.0              0.0              0.0
   485      1.0000           0.0000           15000.0              0.0              0.0
   486      1.0000           0.0000           15000.0              0.0              0.0
   487      1.0000           0.0000           15000.0              0.0              0.0
   488      1.0000           0.0000           15000.0              0.0              0.0
   489      1.0000           0.0000           15000.0              0.0              0.0
   490      1.0000           0.0000           15000.0              0.0              0.0
   491      1.0000           0.0000           15000.0              0.0              0.0
   492      1.0000           0.0000           15000.0              0.0              0.0
   493      1.0000           0.0000           15000.0              0.0              0.0
   494      1.0000           0.0000           15000.0              0.0              0.0
   495      1.0000           0.0000           15000.0              0.0              0.0
   496      1.0000           0.0000           15000.0              0.0              0.0
   497      1.0000           0.0000           15000.0              0.0              0.0
   498      1.0000           0.0000           15000.0              0.0              0.0
   499      1.0000           0.0000           15000.0              0.0              0.0
   500      1.0000           0.0000           15000.0              0.0              0.0
   501      1.0000           0.0000           15000.0              0.0              0.0
   502      1.0000           0.0000           15000.0              0.0              0.0
   503      1.0000           0.0000           15000.0              0.0              0.0
   504      1.0000           0.0000           15000.0              0.0              0.0
   505      1.0000           0.0000           15000.0              0.0              0.0
   506      1.0000           0.0000           15000.0              0.0              0.0
   507      1.0000           0.0000           15000.0              0.0              0.0
   508      1.0000           0.0000           15000.0              0.0              0.0
   509      1.0000           0.0000           15000.0              0.0              0.0
   510      1.0000           0.0000           15000.0              0.0              0.0
   511      1.0000           0.0000           15000.0              0.0              0.0
   512      1.0000           0.0000           15000.0              0.0              0.0
   513      1.0000           0.0000           15000.0              0.0              0.0
   514      1.0000           0.0000           15000.0              0.0              0.0
   515      1.0000           0.0000           15000.0              0.0              0.0
   516      1.0000           0.0000           15000.0              0.0              0.0
   517      1.0000           0.0000           15000.0              0.0              0.0
   518      1.0000           0.0000           15000.0              0.0              0.0
   519      1.0000           0.0000           15000.0              0.0              0.0
   520      1.0000           0.0000           15000.0              0.0              0.0
   521      1.0000           0.0000           15000.0              0.0              0.0
   522      1.0000           0.0000           15000.0              0.0              0.0
   523      1.0000           0.0000           15000.0              0.0              0.0
   524      1.0000           0.0000           15000.0              0.0              0.0
   525      1.0000           0.0000           15000.0              0.0              0.0
   526      1.0000           0.0000           15000.0              0.0              0.0
   527      1.0000           0.0000           15000.0              0.0              0.0
   528      1.0000           0.0000           15000.0              0.0              0.0
   529      1.0000           0.0000           15000.0              0.0              0.0
   530      1.0000           0.0000           15000.0              0.0              0.0
   531      1.0000           0.0000           15000.0              0.0              0.0
   532      1.0000           0.0000           15000.0              0.0              0.0
   533      1.0000           0.0000           15000.0              0.0              0.0
   534      1.0000           0.0000           15000.0              0.0              0.0
   535      1.0000           0.0000           15000.0              0.0              0.0
   536      1.0000           0.0000           15000.0              0.0              0.0
   537      1.0000           0.0000           15000.0              0.0              0.0
   538      1.0000           0.0000           15000.0              0.0              0.0
   539      1.0000           0.0000           15000.0              0.0              0.0
   540      1.0000           0.0000           15000.0              0.0              0.0
   541      1.0000           0.0000           15000.0              0.0              0.0
   542      1.0000           0.0000           15000.0              0.0              0.0
   543      1.0000           0.0000           15000.0              0.0              0.0
   544      1.0000           0.0000           15000.0              0.0              0.0
   545      1.0000           0.0000           15000.0              0.0              0.0
   546      1.0000           0.0000           15000.0              0.0              0.0
   547      1.0000           0.0000           15000.0              0.0              0.0
   548      1.0000           0.0000           15000.0              0.0              0.0
   549      1.0000           0.0000           15000.0              0.0              0.0
   550      1.0000           0.0000           15000.0              0.0              0.0
   551      1.0000           0.0000           15000.0              0.0              0.0
   552      1.0000           0.0000           15000.0              0.0              0.0
   553      1.0000           0.0000           15000.0              0.0              0.0
   554      1.0000           0.0000           15000.0              0.0              0.0
   555      1.0000           0.0000           15000.0              0.0              0.0
   556      1.0000           0.0000           15000.0              0.0              0.0
   557      1.0000           0.0000           15000.0              0.0              0.0
   558      1.0000           0.0000           15000.0              0.0              0.0
   559      1.0000           0.0000           15000.0              0.0              0.0
   560      1.0000           0.0000           15000.0              0.0              0.0
   561      1.0000           0.0000           15000.0              0.0              0.0
   562      1.0000           0.0000           15000.0              0.0              0.0
   563      1.0000           0.0000           15000.0              0.0              0.0
   564      1.0000           0.0000           15000.0              0.0              0.0
   565      1.0000           0.0000           15000.0              0.0              0.0
   566      1.0000           0.0000           15000.0              0.0              0.0
   567      1.0000           0.0000           15000.0              0.0              0.0
   568      1.0000           0.0000           15000.0              0.0              0.0
   569      1.0000           0.0000           15000.0              0.0              0.0
   570      1.0000           0.0000           15000.0              0.0              0.0
   571      1.0000           0.0000           15000.0              0.0              0.0
   572      1.0000           0.0000           15000.0              0.0              0.0
   573      1.0000           0.0000           15000.0              0.0              0.0
   574      1.0000           0.0000           15000.0              0.0              0.0
   575      1.0000           0.0000           15000.0              0.0              0.0
   576      1.0000           0.0000           15000.0              0.0              0.0
   577      1.0000           0.0000           15000.0              0.0              0.0
   578      1.0000           0.0000           15000.0              0.0              0.0
   579      1.0000           0.0000           15000.0              0.0              0.0
   580      1.0000           0.0000           15000.0              0.0              0.0
   581      1.0000           0.0000           15000.0              0.0              0.0
   582      1.0000           0.0000           15000.0              0.0              0.0
   583      1.0000           0.0000           15000.0              0.0              0.0
   584      1.0000           0.0000           15000.0              0.0              0.0
   585      1.0000           0.0000           15000.0              0.0              0.0
   586      1.0000           0.0000           15000.0              0.0              0.0
   587      1.0000           0.0000           15000.0              0.0              0.0
   588      1.0000           0.0000           15000.0              0.0              0.0
   589      1.0000           0.0000           15000.0              0.0              0.0
   590      1.0000           0.0000           15000.0              0.0              0.0
   591      1.0000           0.0000           15000.0              0.0              0.0
   592      1.0000           0.0000           15000.0              0.0              0.0
   593      1.0000           0.0000           15000.0              0.0              0.0
   594      1.0000           0.0000           15000.0              0.0              0.0
   595      1.0000           0.0000           15000.0              0.0              0.0
   596      1.0000           0.0000           15000.0              0.0              0.0
   597      1.0000           0.0000           15000.0              0.0              0.0
   598      1.0000           0.0000           15000.0              0.0              0.0
   599      1.0000           0.0000           15000.0              0.0              0.0
   600      1.0000           0.0000           15000.0              0.0              0.0
   601      1.0000           0.0000           15000.0              0.0              0.0
   602      1.0000           0.0000           15000.0              0.0              0.0
   603      1.0000           0.0000           15000.0              0.0              0.0
   604      1.0000           0.0000           15000.0              0.0              0.0
   605      1.0000           0.0000           15000.0              0.0              0.0
   606      1.0000           0.0000           15000.0              0.0              0.0
   607      1.0000           0.0000           15000.0              0.0              0.0
   608      1.0000           0.0000           15000.0              0.0              0.0
   609      1.0000           0.0000           15000.0              0.0              0.0
   610      1.0000           0.0000           15000.0              0.0              0.0
   611      1.0000           0.0000           15000.0              0.0              0.0
   612      1.0000           0.0000           15000.0              0.0              0.0
   613      1.0000           0.0000           15000.0              0.0              0.0
   614      1.0000           0.0000           15000.0              0.0              0.0
   615      1.0000           0.0000           15000.0              0.0              0.0
   616      1.0000           0.0000           15000.0              0.0              0.0
   617      1.0000           0.0000           15000.0              0.0              0.0
   618      1.0000           0.0000           15000.0              0.0              0.0
   619      1.0000           0.0000           15000.0              0.0              0.0
   620      1.0000           0.0000           15000.0              0.0              0.0
   621      1.0000           0.0000           15000.0              0.0              0.0
   622      1.0000           0.0000           15000.0              0.0              0.0
   623      1.0000           0.0000           15000.0              0.0              0.0
   624      1.0000           0.0000           15000.0              0.0              0.0
   625      1.0000           0.0000           15000.0              0.0              0.0
   626      1.0000           0.0000           15000.0              0.0              0.0
   627      1.0000           0.0000           15000.0              0.0              0.0
   628      1.0000           0.0000           15000.0              0.0              0.0
   629      1.0000           0.0000           15000.0              0.0              0.0
   630      1.0000           0.0000           15000.0              0.0              0.0
   631      1.0000           0.0000           15000.0              0.0              0.0
   632      1.0000           0.0000           15000.0              0.0              0.0
   633      1.0000           0.0000           15000.0              0.0              0.0
   634      1.0000           0.0000           15000.0              0.0              0.0
   635      1.0000           0.0000           15000.0              0.0              0.0
   636      1.0000           0.0000           15000.0              0.0              0.0
   637      1.0000           0.0000           15000.0              0.0              0.0
   638      1.0000           0.0000           15000.0              0.0              0.0
   639      1.0000           0.0000           15000.0              0.0              0.0
   640      1.0000           0.0000           15000.0              0.0              0.0
   641      1.0000           0.0000           15000.0              0.0              0.0
   642      1.0000           0.0000           15000.0              0.0              0.0
   643      1.0000           0.0000           15000.0              0.0              0.0
   644      1.0000           0.0000           15000.0              0.0              0.0
   645      1.0000           0.0000           15000.0              0.0              0.0
   646      1.0000           0.0000           15000.0              0.0              0.0
   647      1.0000           0.0000           15000.0              0.0              0.0
   648      1.0000           0.0000           15000.0              0.0              0.0
   649      1.0000           0.0000           15000.0              0.0              0.0
   650      1.0000           0.0000           15000.0              0.0              0.0
   651      1.0000           0.0000           15000.0              0.0              0.0
   652      1.0000           0.0000           15000.0              0.0              0.0
   653      1.0000           0.0000           15000.0              0.0              0.0
   654      1.0000           0.0000           15000.0              0.0              0.0
   655      1.0000           0.0000           15000.0              0.0              0.0
   656      1.0000           0.0000           15000.0              0.0              0.0
   657      1.0000           0.0000           15000.0              0.0              0.0
   658      1.0000           0.0000           15000.0              0.0              0.0
   659      1.0000           0.0000           15000.0              0.0              0.0
   660      1.0000           0.0000           15000.0              0.0              0.0
   661      1.0000           0.0000           15000.0              0.0              0.0
   662      1.0000           0.0000           15000.0              0.0              0.0
   663      1.0000           0.0000           15000.0              0.0              0.0
   664      1.0000           0.0000           15000.0              0.0              0.0
   665      1.0000           0.0000           15000.0              0.0              0.0
   666      1.0000           0.0000           15000.0              0.0              0.0
   667      1.0000           0.0000           15000.0              0.0              0.0
   668      1.0000           0.0000           15000.0              0.0              0.0
   669      1.0000           0.0000           15000.0              0.0              0.0
   670      1.0000           0.0000           15000.0              0.0              0.0
   671      1.0000           0.0000           15000.0              0.0              0.0
   672      1.0000           0.0000           15000.0              0.0              0.0
   673      1.0000           0.0000           15000.0              0.0              0.0
   674      1.0000           0.0000           15000.0              0.0              0.0
   675      1.0000           0.0000           15000.0              0.0              0.0
   676      1.0000           0.0000           15000.0              0.0              0.0
   677      1.0000           0.0000           15000.0              0.0              0.0
   678      1.0000           0.0000           15000.0              0.0              0.0
   679      1.0000           0.0000           15000.0              0.0              0.0
   680      1.0000           0.0000           15000.0              0.0              0.0
   681      1.0000           0.0000           15000.0              0.0              0.0
   682      1.0000           0.0000           15000.0              0.0              0.0
   683      1.0000           0.0000           15000.0              0.0              0.0
   684      1.0000           0.0000           15000.0              0.0              0.0
   685      1.0000           0.0000           15000.0              0.0              0.0
   686      1.0000           0.0000           15000.0              0.0              0.0
   687      1.0000           0.0000           15000.0              0.0              0.0
   688      1.0000           0.0000           15000.0              0.0              0.0
   689      1.0000           0.0000           15000.0              0.0              0.0
   690      1.0000           0.0000           15000.0              0.0              0.0
   691      1.0000           0.0000           15000.0              0.0              0.0
   692      1.0000           0.0000           15000.0              0.0              0.0
   693      1.0000           0.0000           15000.0              0.0              0.0
   694      1.0000           0.0000           15000.0              0.0              0.0
   695      1.0000           0.0000           15000.0              0.0              0.0
   696      1.0000           0.0000           15000.0              0.0              0.0
   697      1.0000           0.0000           15000.0              0.0              0.0
   698      1.0000           0.0000           15000.0              0.0              0.0
   699      1.0000           0.0000           15000.0              0.0              0.0
   700      1.0000           0.0000           15000.0              0.0              0.0
   701      1.0000           0.0000           15000.0              0.0              0.0
   702      1.0000           0.0000           15000.0              0.0              0.0
   703      1.0000           0.0000           15000.0              0.0              0.0
   704      1.0000           0.0000           15000.0              0.0              0.0
   705      1.0000           0.0000           15000.0              0.0              0.0
   706      1.0000           0.0000           15000.0              0.0              0.0
   707      1.0000           0.0000           15000.0              0.0              0.0
   708      1.0000           0.0000           15000.0              0.0              0.0
   709      1.0000           0.0000           15000.0              0.0              0.0
   710      1.0000           0.0000           15000.0              0.0              0.0
   711      1.0000           0.0000           15000.0              0.0              0.0
   712      1.0000           0.0000           15000.0              0.0              0.0
   713      1.0000           0.0000           15000.0              0.0              0.0
   714      1.0000           0.0000           15000.0              0.0              0.0
   715      1.0000           0.0000           15000.0              0.0              0.0
   716      1.0000           0.0000           15000.0              0.0              0.0
   717      1.0000           0.0000           15000.0              0.0              0.0
   718      1.0000           0.0000           15000.0              0.0              0.0
   719      1.0000           0.0000           15000.0              0.0              0.0
   720      1.0000           0.0000           15000.0              0.0              0.0
   721      1.0000           0.0000           15000.0              0.0              0.0
   722      1.0000           0.0000           15000.0              0.0              0.0
   723      1.0000           0.0000           15000.0              0.0              0.0
   724      1.0000           0.0000           15000.0              0.0              0.0
   725      1.0000           0.0000           15000.0              0.0              0.0
   726      1.0000           0.0000           15000.0              0.0              0.0
   727      1.0000           0.0000           15000.0              0.0              0.0
   728      1.0000           0.0000           15000.0              0.0              0.0
   729      1.0000           0.0000           15000.0              0.0              0.0
   730      1.0000           0.0000           15000.0              0.0              0.0
   731      1.0000           0.0000           15000.0              0.0              0.0
   732      1.0000           0.0000           15000.0              0.0              0.0
   733      1.0000           0.0000           15000.0              0.0              0.0
   734      1.0000           0.0000           15000.0              0.0              0.0
   735      1.0000           0.0000           15000.0              0.0              0.0
   736      1.0000           0.0000           15000.0              0.0              0.0
   737      1.0000           0.0000           15000.0              0.0              0.0
   738      1.0000           0.0000           15000.0              0.0              0.0
   739      1.0000           0.0000           15000.0              0.0              0.0
   740      1.0000           0.0000           15000.0              0.0              0.0
   741      1.0000           0.0000           15000.0              0.0              0.0
   742      1.0000           0.0000           15000.0              0.0              0.0
   743      1.0000           0.0000           15000.0              0.0              0.0
   744      1.0000           0.0000           15000.0              0.0              0.0
   745      1.0000           0.0000           15000.0              0.0              0.0
   746      1.0000           0.0000           15000.0              0.0              0.0
   747      1.0000           0.0000           15000.0              0.0              0.0
   748      1.0000           0.0000           15000.0              0.0              0.0
   749      1.0000           0.0000           15000.0              0.0              0.0
   750      1.0000           0.0000           15000.0              0.0              0.0
   751      1.0000           0.0000           15000.0              0.0              0.0
   752      1.0000           0.0000           15000.0              0.0              0.0
   753      1.0000           0.0000           15000.0              0.0              0.0
   754      1.0000           0.0000           15000.0              0.0              0.0
   755      1.0000           0.0000           15000.0              0.0              0.0
   756      1.0000           0.0000           15000.0              0.0              0.0
   757      1.0000           0.0000           15000.0              0.0              0.0
   758      1.0000           0.0000           15000.0              0.0              0.0
   759      1.0000           0.0000           15000.0              0.0              0.0
   760      1.0000           0.0000           15000.0              0.0              0.0
   761      1.0000           0.0000           15000.0              0.0              0.0
   762      1.0000           0.0000           15000.0              0.0              0.0
   763      1.0000           0.0000           15000.0              0.0              0.0
   764      1.0000           0.0000           15000.0              0.0              0.0
   765      1.0000           0.0000           15000.0              0.0              0.0
   766      1.0000           0.0000           15000.0              0.0              0.0
   767      1.0000           0.0000           15000.0              0.0              0.0
   768      1.0000           0.0000           15000.0              0.0              0.0
   769      1.0000           0.0000           15000.0              0.0              0.0
   770      1.0000           0.0000           15000.0              0.0              0.0
   771      1.0000           0.0000           15000.0              0.0              0.0
   772      1.0000           0.0000           15000.0              0.0              0.0
   773      1.0000           0.0000           15000.0              0.0              0.0
   774      1.0000           0.0000           15000.0              0.0              0.0
   775      1.0000           0.0000           15000.0              0.0              0.0
   776      1.0000           0.0000           15000.0              0.0              0.0
   777      1.0000           0.0000           15000.0              0.0              0.0
   778      1.0000           0.0000           15000.0              0.0              0.0
   779      1.0000           0.0000           15000.0              0.0              0.0
   780      1.0000           0.0000           15000.0              0.0              0.0
   781      1.0000           0.0000           15000.0              0.0              0.0
   782      1.0000           0.0000           15000.0              0.0              0.0
   783      1.0000           0.0000           15000.0              0.0              0.0
   784      1.0000           0.0000           15000.0              0.0              0.0
   785      1.0000           0.0000           15000.0              0.0              0.0
   786      1.0000           0.0000           15000.0              0.0              0.0
   787      1.0000           0.0000           15000.0              0.0              0.0
   788      1.0000           0.0000           15000.0              0.0              0.0
   789      1.0000           0.0000           15000.0              0.0              0.0
   790      1.0000           0.0000           15000.0              0.0              0.0
   791      1.0000           0.0000           15000.0              0.0              0.0
   792      1.0000           0.0000           15000.0              0.0              0.0
   793      1.0000           0.0000           15000.0              0.0              0.0
   794      1.0000           0.0000           15000.0              0.0              0.0
   795      1.0000           0.0000           15000.0              0.0              0.0
   796      1.0000           0.0000           15000.0              0.0              0.0
   797      1.0000           0.0000           15000.0              0.0              0.0
   798      1.0000           0.0000           15000.0              0.0              0.0
   799      1.0000           0.0000           15000.0              0.0              0.0
   800      1.0000           0.0000           15000.0              0.0              0.0
   801      1.0000           0.0000           15000.0              0.0              0.0
   802      1.0000           0.0000           15000.0              0.0              0.0
   803      1.0000           0.0000           15000.0              0.0              0.0
   804      1.0000           0.0000           15000.0              0.0              0.0
   805      1.0000           0.0000           15000.0              0.0              0.0
   806      1.0000           0.0000           15000.0              0.0              0.0
   807      1.0000           0.0000           15000.0              0.0              0.0
   808      1.0000           0.0000           15000.0              0.0              0.0
   809      1.0000           0.0000           15000.0              0.0              0.0
   810      1.0000           0.0000           15000.0              0.0              0.0
   811      1.0000           0.0000           15000.0              0.0              0.0
   812      1.0000           0.0000           15000.0              0.0              0.0
   813      1.0000           0.0000           15000.0              0.0              0.0
   814      1.0000           0.0000           15000.0              0.0              0.0
   815      1.0000           0.0000           15000.0              0.0              0.0
   816      1.0000           0.0000           15000.0              0.0              0.0
   817      1.0000           0.0000           15000.0              0.0              0.0
   818      1.0000           0.0000           15000.0              0.0              0.0
   819      1.0000           0.0000           15000.0              0.0              0.0
   820      1.0000           0.0000           15000.0              0.0              0.0
   821      1.0000           0.0000           15000.0              0.0              0.0
   822      1.0000           0.0000           15000.0              0.0              0.0
   823      1.0000           0.0000           15000.0              0.0              0.0
   824      1.0000           0.0000           15000.0              0.0              0.0
   825      1.0000           0.0000           15000.0              0.0              0.0
   826      1.0000           0.0000           15000.0              0.0              0.0
   827      1.0000           0.0000           15000.0              0.0              0.0
   828      1.0000           0.0000           15000.0              0.0              0.0
   829      1.0000           0.0000           15000.0              0.0              0.0
   830      1.0000           0.0000           15000.0              0.0              0.0
   831      1.0000           0.0000           15000.0              0.0              0.0
   832      1.0000           0.0000           15000.0              0.0              0.0
   833      1.0000           0.0000           15000.0              0.0              0.0
   834      1.0000           0.0000           15000.0              0.0              0.0
   835      1.0000           0.0000           15000.0              0.0              0.0
   836      1.0000           0.0000           15000.0              0.0              0.0
   837      1.0000           0.0000           15000.0              0.0              0.0
   838      1.0000           0.0000           15000.0              0.0              0.0
   839      1.0000           0.0000           15000.0              0.0              0.0
   840      1.0000           0.0000           15000.0              0.0              0.0
   841      1.0000           0.0000           15000.0              0.0              0.0
   842      1.0000           0.0000           15000.0              0.0              0.0
   843      1.0000           0.0000           15000.0              0.0              0.0
   844      1.0000           0.0000           15000.0              0.0              0.0
   845      1.0000           0.0000           15000.0              0.0              0.0
   846      1.0000           0.0000           15000.0              0.0              0.0
   847      1.0000           0.0000           15000.0              0.0              0.0
   848      1.0000           0.0000           15000.0              0.0              0.0
   849      1.0000           0.0000           15000.0              0.0              0.0
   850      1.0000           0.0000           15000.0              0.0              0.0
   851      1.0000           0.0000           15000.0              0.0              0.0
   852      1.0000           0.0000           15000.0              0.0              0.0
   853      1.0000           0.0000           15000.0              0.0              0.0
   854      1.0000           0.0000           15000.0              0.0              0.0
   855      1.0000           0.0000           15000.0              0.0              0.0
   856      1.0000           0.0000           15000.0              0.0              0.0
   857      1.0000           0.0000           15000.0              0.0              0.0
   858      1.0000           0.0000           15000.0              0.0              0.0
   859      1.0000           0.0000           15000.0              0.0              0.0
   860      1.0000           0.0000           15000.0              0.0              0.0
   861      1.0000           0.0000           15000.0              0.0              0.0
   862      1.0000           0.0000           15000.0              0.0              0.0
   863      1.0000           0.0000           15000.0              0.0              0.0
   864      1.0000           0.0000           15000.0              0.0              0.0
   865      1.0000           0.0000           15000.0              0.0              0.0
   866      1.0000           0.0000           15000.0              0.0              0.0
   867      1.0000           0.0000           15000.0              0.0              0.0
   868      1.0000           0.0000           15000.0              0.0              0.0
   869      1.0000           0.0000           15000.0              0.0              0.0
   870      1.0000           0.0000           15000.0              0.0              0.0
   871      1.0000           0.0000           15000.0              0.0              0.0
   872      1.0000           0.0000           15000.0              0.0              0.0
   873      1.0000           0.0000           15000.0              0.0              0.0
   874      1.0000           0.0000           15000.0              0.0              0.0
   875      1.0000           0.0000           15000.0              0.0              0.0
   876      1.0000           0.0000           15000.0              0.0              0.0
   877      1.0000           0.0000           15000.0              0.0              0.0
   878      1.0000           0.0000           15000.0              0.0              0.0
   879      1.0000           0.0000           15000.0              0.0              0.0
   880      1.0000           0.0000           15000.0              0.0              0.0
   881      1.0000           0.0000           15000.0              0.0              0.0
   882      1.0000           0.0000           15000.0              0.0              0.0
   883      1.0000           0.0000           15000.0              0.0              0.0
   884      1.0000           0.0000           15000.0              0.0              0.0
   885      1.0000           0.0000           15000.0              0.0              0.0
   886      1.0000           0.0000           15000.0              0.0              0.0
   887      1.0000           0.0000           15000.0              0.0              0.0
   888      1.0000           0.0000           15000.0              0.0              0.0
   889      1.0000           0.0000           15000.0              0.0              0.0
   890      1.0000           0.0000           15000.0              0.0              0.0
   891      1.0000           0.0000           15000.0              0.0              0.0
   892      1.0000           0.0000           15000.0              0.0              0.0
   893      1.0000           0.0000           15000.0              0.0              0.0
   894      1.0000           0.0000           15000.0              0.0              0.0
   895      1.0000           0.0000           15000.0              0.0              0.0
   896      1.0000           0.0000           15000.0              0.0              0.0
   897      1.0000           0.0000           15000.0              0.0              0.0
   898      1.0000           0.0000           15000.0              0.0              0.0
   899      1.0000           0.0000           15000.0              0.0              0.0
   900      1.0000           0.0000           15000.0              0.0              0.0
   901      1.0000           0.0000           15000.0              0.0              0.0
   902      1.0000           0.0000           15000.0              0.0              0.0
   903      1.0000           0.0000           15000.0              0.0              0.0
   904      1.0000           0.0000           15000.0              0.0              0.0
   905      1.0000           0.0000           15000.0              0.0              0.0
   906      1.0000           0.0000           15000.0              0.0              0.0
   907      1.0000           0.0000           15000.0              0.0              0.0
   908      1.0000           0.0000           15000.0              0.0              0.0
   909      1.0000           0.0000           15000.0              0.0              0.0
   910      1.0000           0.0000           15000.0              0.0              0.0
   911      1.0000           0.0000           15000.0              0.0              0.0
   912      1.0000           0.0000           15000.0              0.0              0.0
   913      1.0000           0.0000           15000.0              0.0              0.0
   914      1.0000           0.0000           15000.0              0.0              0.0
   915      1.0000           0.0000           15000.0              0.0              0.0
   916      1.0000           0.0000           15000.0              0.0              0.0
   917      1.0000           0.0000           15000.0              0.0              0.0
   918      1.0000           0.0000           15000.0              0.0              0.0
   919      1.0000           0.0000           15000.0              0.0              0.0
   920      1.0000           0.0000           15000.0              0.0              0.0
   921      1.0000           0.0000           15000.0              0.0              0.0
   922      1.0000           0.0000           15000.0              0.0              0.0
   923      1.0000           0.0000           15000.0              0.0              0.0
   924      1.0000           0.0000           15000.0              0.0              0.0
   925      1.0000           0.0000           15000.0              0.0              0.0
   926      1.0000           0.0000           15000.0              0.0              0.0
   927      1.0000           0.0000           15000.0              0.0              0.0
   928      1.0000           0.0000           15000.0              0.0              0.0
   929      1.0000           0.0000           15000.0              0.0              0.0
   930      1.0000           0.0000           15000.0              0.0              0.0
   931      1.0000           0.0000           15000.0              0.0              0.0
   932      1.0000           0.0000           15000.0              0.0              0.0
   933      1.0000           0.0000           15000.0              0.0              0.0
   934      1.0000           0.0000           15000.0              0.0              0.0
   935      1.0000           0.0000           15000.0              0.0              0.0
   936      1.0000           0.0000           15000.0              0.0              0.0
   937      1.0000           0.0000           15000.0              0.0              0.0
   938      1.0000           0.0000           15000.0              0.0              0.0
   939      1.0000           0.0000           15000.0              0.0              0.0
   940      1.0000           0.0000           15000.0              0.0              0.0
   941      1.0000           0.0000           15000.0              0.0              0.0
   942      1.0000           0.0000           15000.0              0.0              0.0
   943      1.0000           0.0000           15000.0              0.0              0.0
   944      1.0000           0.0000           15000.0              0.0              0.0
   945      1.0000           0.0000           15000.0              0.0              0.0
   946      1.0000           0.0000           15000.0              0.0              0.0
   947      1.0000           0.0000           15000.0              0.0              0.0
   948      1.0000           0.0000           15000.0              0.0              0.0
   949      1.0000           0.0000           15000.0              0.0              0.0
   950      1.0000           0.0000           15000.0              0.0              0.0
   951      1.0000           0.0000           15000.0              0.0              0.0
   952      1.0000           0.0000           15000.0              0.0              0.0
   953      1.0000           0.0000           15000.0              0.0              0.0
   954      1.0000           0.0000           15000.0              0.0              0.0
   955      1.0000           0.0000           15000.0              0.0              0.0
   956      1.0000           0.0000           15000.0              0.0              0.0
   957      1.0000           0.0000           15000.0              0.0              0.0
   958      1.0000           0.0000           15000.0              0.0              0.0
   959      1.0000           0.0000           15000.0              0.0              0.0
   960      1.0000           0.0000           15000.0              0.0              0.0
   961      1.0000           0.0000           15000.0              0.0              0.0
   962      1.0000           0.0000           15000.0              0.0              0.0
   963      1.0000           0.0000           15000.0              0.0              0.0
   964      1.0000           0.0000           15000.0              0.0              0.0
   965      1.0000           0.0000           15000.0              0.0              0.0
   966      1.0000           0.0000           15000.0              0.0              0.0
   967      1.0000           0.0000           15000.0              0.0              0.0
   968      1.0000           0.0000           15000.0              0.0              0.0
   969      1.0000           0.0000           15000.0              0.0              0.0
   970      1.0000           0.0000           15000.0              0.0              0.0
   971      1.0000           0.0000           15000.0              0.0              0.0
   972      1.0000           0.0000           15000.0              0.0              0.0
   973      1.0000           0.0000           15000.0              0.0              0.0
   974      1.0000           0.0000           15000.0              0.0              0.0
   975      1.0000           0.0000           15000.0              0.0              0.0
   976      1.0000           0.0000           15000.0              0.0              0.0
   977      1.0000           0.0000           15000.0              0.0              0.0
   978      1.0000           0.0000           15000.0              0.0              0.0
   979      1.0000           0.0000           15000.0              0.0              0.0
   980      1.0000           0.0000           15000.0              0.0              0.0
   981      1.0000           0.0000           15000.0              0.0              0.0
   982      1.0000           0.0000           15000.0              0.0              0.0
   983      1.0000           0.0000           15000.0              0.0              0.0
   984      1.0000           0.0000           15000.0              0.0              0.0
   985      1.0000           0.0000           15000.0              0.0              0.0
   986      1.0000           0.0000           15000.0              0.0              0.0
   987      1.0000           0.0000           15000.0              0.0              0.0
   988      1.0000           0.0000           15000.0              0.0              0.0
   989      1.0000           0.0000           15000.0              0.0              0.0
   990      1.0000           0.0000           15000.0              0.0              0.0
   991      1.0000           0.0000           15000.0              0.0              0.0
   992      1.0000           0.0000           15000.0              0.0              0.0
   993      1.0000           0.0000           15000.0              0.0              0.0
   994      1.0000           0.0000           15000.0              0.0              0.0
   995      1.0000           0.0000           15000.0              0.0              0.0
   996      1.0000           0.0000           15000.0              0.0              0.0
   997      1.0000           0.0000           15000.0              0.0              0.0
   998      1.0000           0.0000           15000.0              0.0              0.0
   999      1.0000           0.0000           15000.0              0.0              0.0
Equilibrium is 100